-96  2.775877E-9  0  -4.323024E-5  -3.011683E-5
-95.25  2.271839E-9  0  -3.791762E-5  -2.888067E-5
-94.5  1.826544E-9  0  -3.225283E-5  -2.804101E-5
-93.75  1.55072E-9  0  -2.753871E-5  -2.814853E-5
-93  1.411505E-9  0  -2.387288E-5  -2.901019E-5
-92.25  1.329267E-9  0  -2.071313E-5  -3.000388E-5
-91.5  1.267035E-9  0  -1.783362E-5  -3.08058E-5
-90.75  1.228296E-9  0  -1.539369E-5  -3.148541E-5
-90  1.206757E-9  0  -1.340006E-5  -3.204989E-5
-89.25  1.177251E-9  0  -1.158963E-5  -3.229445E-5
-88.5  1.126827E-9  0  -9.795058E-6  -3.210737E-5
-87.75  1.063739E-9  0  -8.071738E-6  -3.160041E-5
-87  9.940644E-10  0  -6.439931E-6  -3.086408E-5
-86.25  9.127989E-10  0  -4.769745E-6  -2.983368E-5
-85.5  8.19489E-10  0  -2.968991E-6  -2.847234E-5
-84.75  7.237233E-10  0  -1.073019E-6  -2.68807E-5
-84  6.326603E-10  0  9.137658E-7  -2.513614E-5
-83.25  5.473598E-10  0  3.105553E-6  -2.318869E-5
-82.5  4.724677E-10  0  5.613203E-6  -2.099904E-5
-81.75  4.191217E-10  0  8.47138E-6  -1.863753E-5
-81  3.992669E-10  0  1.173868E-5  -1.617005E-5
-80.25  4.262874E-10  0  1.555543E-5  -1.35763E-5
-79.5  5.199275E-10  0  2.004865E-5  -1.086182E-5
-78.75  7.04733E-10  0  2.526716E-5  -8.1427E-6
-78  1.00718E-9  0  3.124706E-5  -5.549866E-6
-77.25  1.45789E-9  0  3.805207E-5  -3.151102E-6
-76.5  2.089658E-9  0  4.570107E-5  -1.034389E-6
-75.75  2.929304E-9  0  5.411938E-5  6.296165E-7
-75  3.996338E-9  0  6.319424E-5  1.681271E-6
-74.25  5.306486E-9  0  7.281669E-5  2.053023E-6
-73.5  6.865207E-9  0  8.283893E-5  1.708171E-6
-72.75  8.658967E-9  0  9.305168E-5  5.927282E-7
-72  1.066129E-8  0  0.0001032456  -1.278051E-6
-71.25  1.284273E-8  0  0.0001132639  -3.74591E-6
-70.5  1.516887E-8  0  0.0001229868  -6.566558E-6
-69.75  1.760092E-8  0  0.0001323307  -9.460398E-6
-69  2.011345E-8  0  0.0001413094  -1.204573E-5
-68.25  2.271525E-8  0  0.000150084  -1.378534E-5
-67.5  2.546316E-8  0  0.0001589517  -1.405442E-5
-66.75  2.848617E-8  0  0.0001683365  -1.220623E-5
-66  3.20339E-8  0  0.0001788216  -7.532318E-6
-65.25  3.654313E-8  0  0.000191161  7.650215E-7
-64.5  4.271401E-8  0  0.000206233  1.348883E-5
-63.75  5.16023E-8  0  0.0002249856  3.136554E-5
-63  6.473827E-8  0  0.0002484079  5.506184E-5
-62.25  8.425418E-8  0  0.000277482  8.519356E-5
-61.5  1.129648E-7  0  0.0003130869  0.0001222347
-60.75  1.54366E-7  0  0.0003559022  0.000166432
-60  2.125567E-7  0  0.000406341  0.0002178158
-59.25  2.920351E-7  0  0.0004644818  0.0002762096
-58.5  3.97265E-7  0  0.0005299817  0.0003411515
-57.75  5.320168E-7  0  0.0006020107  0.0004118251
-57  6.986118E-7  0  0.0006792343  0.0004870858
-56.25  8.971014E-7  0  0.0007598177  0.0005654895
-55.5  1.124359E-6  0  0.0008414405  0.0006452417
-54.75  1.373284E-6  0  0.0009213477  0.0007241564
-54  1.632452E-6  0  0.0009964558  0.0007997051
-53.25  1.886285E-6  0  0.001063488  0.0008690675
-52.5  2.115679E-6  0  0.001119126  0.0009291052
-51.75  2.299293E-6  0  0.001160193  0.000976343
-51  2.415691E-6  0  0.00118388  0.001007035
-50.25  2.446086E-6  0  0.001187989  0.001017236
-49.5  2.377284E-6  0  0.001171186  0.001002799
-48.75  2.204758E-6  0  0.001133272  0.0009594024
-48  1.935726E-6  0  0.001075471  0.0008826601
-47.25  1.5917E-6  0  0.00100073  0.0007682697
-46.5  1.210107E-6  0  0.0009140101  0.0006121216
-45.75  8.451006E-7  0  0.0008225696  0.000410463
-45  5.677261E-7  0  0.0007362492  0.0001601975
-44.25  4.656632E-7  0  0.000667723  -0.0001407449
-43.5  6.433939E-7  0  0.0006327105  -0.0004930227
-42.75  1.224423E-6  0  0.0006501366  -0.0008954024
-42  2.357539E-6  0  0.0007422235  -0.001344114
-41.25  4.229898E-6  0  0.0009344876  -0.001832111
-40.5  7.091131E-6  0  0.001255625  -0.002348305
-39.75  1.129362E-5  0  0.001737265  -0.002876721
-39  1.735491E-5  0  0.002413572  -0.003395523
-38.25  2.605029E-5  0  0.00332067  -0.003876008
-37.5  3.854559E-5  0  0.004495881  -0.004281664
-36.75  5.658168E-5  0  0.005976776  -0.004567256
-36  8.272338E-5  0  0.007800015  -0.004677943
-35.25  0.0001206888  0  0.009999989  -0.004548518
-34.5  0.0001757776  0.112253  0.01260729  -0.004102902
-33.75  0.0002554171  0.2218491  0.01564702  -0.003253876
-33  0.0003698462  0.3277645  0.019137  -0.001903042
-32.25  0.0005329591  0.4294315  0.02308583  5.886223E-5
-31.5  0.0007633293  0.5266264  0.02749109  0.002751218
-30.75  0.001085431  0.6193622  0.03233746  0.006302351
-30  0.001531067  0.7077993  0.03759505  0.01084798
-29.25  0.002141011  0.7921777  0.04321801  0.01652921
-28.5  0.002966851  0.8727677  0.04914333  0.02349008
-27.75  0.004073  0.9498398  0.05529023  0.03187461
-27  0.005538839  1.023647  0.06155987  0.04182369
-26.25  0.007460902  1.094417  0.06783578  0.05347157
-25.5  0.009955001  1.162347  0.07398481  0.06694213
-24.75  0.01315815  1.227607  0.07985883  0.0823451
-24  0.0172301  1.290336  0.08529706  0.09977232
-23.25  0.02235434  1.350654  0.0901291  0.1192941
-22.5  0.0287382  1.408655  0.09417863  0.140956
-21.75  0.03661194  1.464418  0.09726764  0.1647755
-21  0.04622654  1.518008  0.0992212  0.1907398
-20.25  0.05784984  1.569476  0.09987255  0.2188043
-19.5  0.07176101  1.618863  0.09906837  0.2488905
-18.75  0.08824307  1.666201  0.09667422  0.2808864
-18  0.1075734  1.711519  0.09257975  0.3146464
-17.25  0.1300123  1.754837  0.08670358  0.3499926
-16.5  0.1557902  1.796172  0.07899774  0.3867164
-15.75  0.1850928  1.835538  0.06945141  0.4245813
-15  0.2180459  1.872945  0.05809377  0.463326
-14.25  0.2546998  1.908402  0.04499592  0.5026681
-13.5  0.2950145  1.941916  0.03027164  0.5423082
-12.75  0.3388457  1.973493  0.01407707  0.5819343
-12  0.385934  2.003136  -0.003390939  0.6212266
-11.25  0.4358973  2.030851  -0.02189764  0.659862
-10.5  0.4882272  2.056639  -0.04117435  0.6975183
-9.75  0.5422905  2.080504  -0.06092352  0.7338793
-9  0.5973371  2.102446  -0.0808248  0.7686381
-8.25  0.6525126  2.122468  -0.1005419  0.8015011
-7.5  0.7068777  2.140571  -0.1197301  0.8321913
-6.75  0.7594324  2.156755  -0.1380443  0.8604512
-6  0.8091457  2.171021  -0.1551468  0.8860447
-5.25  0.8549879  2.18337  -0.1707159  0.9087596
-4.5  0.8959659  2.193801  -0.1844534  0.9284088
-3.75  0.9311586  2.202315  -0.1960923  0.9448314
-3  0.9597512  2.208911  -0.2054031  0.957894
-2.25  0.9810667  2.213589  -0.2121999  0.9674905
-1.5  0.9945922  2.216349  -0.2163453  0.9735435
-0.75  1  2.21719  -0.2177533  0.9760038
0  0.9971602  2.216111  -0.2163922  0.9748511
0.75  0.9861466  2.213112  -0.2122851  0.9700936
1.5  0.9672329  2.208191  -0.2055093  0.9617686
2.25  0.9408821  2.201348  -0.1961948  0.949942
3  0.9077274  2.192582  -0.1845206  0.9347083
3.75  0.8685471  2.181892  -0.1707102  0.9161905
4.5  0.8242342  2.169277  -0.1550266  0.8945395
5.25  0.7757631  2.154737  -0.137765  0.8699332
6  0.7241536  2.13827  -0.119246  0.8425758
6.75  0.6704367  2.119876  -0.09980744  0.8126962
7.5  0.6156202  2.099556  -0.07979669  0.7805464
8.25  0.5606592  2.077308  -0.05956195  0.746399
9  0.5064298  2.053134  -0.03944441  0.7105449
9.75  0.4537096  2.027034  -0.0197705  0.6732895
10.5  0.4031619  1.999009  -0.0008447848  0.6349497
11.25  0.3553277  1.969061  0.01705639  0.5958497
12  0.3106226  1.937192  0.03369023  0.5563161
12.75  0.2693385  1.903408  0.04885176  0.516674
13.5  0.2316507  1.867712  0.06237693  0.4772419
14.25  0.1976278  1.830111  0.0741445  0.4383268
15  0.1672447  1.790613  0.08407665  0.4002198
15.75  0.1403975  1.749229  0.09213829  0.3631914
16.5  0.1169183  1.705972  0.09833544  0.327488
17.25  0.09659121  1.660859  0.1027124  0.2933281
18  0.07916665  1.613911  0.105348  0.2608993
18.75  0.06437479  1.565153  0.1063513  0.2303567
19.5  0.05193732  1.514617  0.1058567  0.2018209
20.25  0.04157733  1.462342  0.1040182  0.1753783
21  0.03302723  1.408373  0.1010047  0.1510804
21.75  0.02603473  1.352768  0.09699345  0.1289457
22.5  0.02036702  1.295592  0.0921658  0.1089609
23.25  0.01581341  1.236923  0.08670161  0.09108373
24  0.01218648  1.176854  0.08077498  0.07524547
24.75  0.009322162  1.11549  0.07455033  0.0613548
25.5  0.007079015  1.052953  0.06817915  0.04930131
26.25  0.005336765  0.989381  0.06179749  0.03895941
27  0.003994507  0.9249287  0.05552415  0.03019233
27.75  0.002968638  0.859766  0.04945947  0.02285604
28.5  0.00219072  0.7940769  0.043685  0.01680299
29.25  0.001605375  0.7280549  0.03826367  0.01188554
30  0.00116828  0.6618976  0.03324052  0.007959126
30.75  0.0008443337  0.5957981  0.02864386  0.004884965
31.5  0.0006060211  0.5299312  0.0244869  0.002532333
32.25  0.0004319865  0.4644351  0.02076963  0.0007803357
33  0.0003058105  0.3993863  0.01748083  -0.0004807637
33.75  0.0002149844  0.3347678  0.01460019  -0.001348697
34.5  0.000150065  0.2704247  0.01210047  -0.001908805
35.25  0.0001039864  0.2060082  0.009949639  -0.002234061
36  7.150672E-5  0  0.00811273  -0.002385444
36.75  4.877028E-5  0  0.006553589  -0.002412624
37.5  3.29655E-5  0  0.005236402  -0.002354908
38.25  2.206004E-5  0  0.00412696  -0.002242374
39  1.459691E-5  0  0.003193592  -0.002097112
39.75  9.539947E-6  0  0.002407816  -0.00193452
40.5  6.158119E-6  0  0.001744774  -0.001764619
41.25  3.939089E-6  0  0.001183417  -0.001593303
42  2.525314E-6  0  0.0007064169  -0.001423478
42.75  1.667661E-6  0  0.0002999036  -0.001256073
43.5  1.192242E-6  0  -4.688092E-5  -0.001090892
44.25  9.76848E-7  0  -0.0003420124  -0.0009272948
45  9.345368E-7  0  -0.0005914226  -0.0007646935
45.75  1.002576E-6  0  -0.000799447  -0.000602877
46.5  1.135048E-6  0  -0.0009692841  -0.0004421949
47.25  1.297922E-6  0  -0.001103399  -0.0002836081
48  1.465961E-6  0  -0.001203917  -0.0001286295
48.75  1.620809E-6  0  -0.00127294  2.080615E-5
49.5  1.749617E-6  0  -0.00131271  0.0001625122
50.25  1.844016E-6  0  -0.001325684  0.0002942404
51  1.899496E-6  0  -0.001314614  0.0004138687
51.75  1.914891E-6  0  -0.001282553  0.0005195647
52.5  1.8917E-6  0  -0.001232766  0.0006099091
53.25  1.83343E-6  0  -0.001168589  0.00068398
54  1.745109E-6  0  -0.001093366  0.000741391
54.75  1.632805E-6  0  -0.001010364  0.000782285
55.5  1.502996E-6  0  -0.0009226463  0.0008072919
56.25  1.362044E-6  0  -0.0008329461  0.0008174624
57  1.215891E-6  0  -0.0007436426  0.0008141783
57.75  1.069819E-6  0  -0.0006567611  0.0007990521
58.5  9.28202E-7  0  -0.0005739222  0.0007738316
59.25  7.943879E-7  0  -0.000496308  0.0007403149
60  6.707696E-7  0  -0.0004247245  0.0007002705
60.75  5.588781E-7  0  -0.000359679  0.0006553695
61.5  4.594602E-7  0  -0.0003013885  0.0006071451
62.25  3.726112E-7  0  -0.0002497879  0.0005569714
63  2.97952E-7  0  -0.0002046221  0.0005060452
63.75  2.347693E-7  0  -0.0001655384  0.0004553749
64.5  1.821167E-7  0  -0.0001320918  0.0004057936
65.25  1.389125E-7  0  -0.0001037388  0.0003579815
66  1.04026E-7  0  -7.991194E-5  0.0003124741
66.75  7.63312E-8  0  -6.009192E-5  0.0002696668
67.5  5.474276E-8  0  -4.378216E-5  0.0002298388
68.25  3.82479E-8  0  -3.047328E-5  0.000193182
69  2.592481E-8  0  -1.969492E-5  0.0001598027
69.75  1.694929E-8  0  -1.106828E-5  0.0001297181
70.5  1.060191E-8  0  -4.25969E-6  0.0001028774
71.25  6.27209E-9  0  1.072914E-6  7.918926E-5
72  3.45154E-9  0  5.234909E-6  5.851611E-5
72.75  1.72478E-9  0  8.444119E-6  4.066296E-5
73.5  7.636242E-10  0  1.088274E-5  2.540059E-5
74.25  3.188296E-10  0  1.275461E-5  1.249598E-5
75  2.055076E-10  0  1.423409E-5  1.702434E-6
75.75  2.900744E-10  0  1.540752E-5  -7.25829E-6
76.5  4.817166E-10  0  1.632617E-5  -1.466877E-5
77.25  7.230887E-10  0  1.70669E-5  -2.078003E-5
78  9.794826E-10  0  1.767665E-5  -2.58267E-5
78.75  1.23111E-9  0  1.811028E-5  -3.005208E-5
79.5  1.468672E-9  0  1.82922E-5  -3.367592E-5
80.25  1.688869E-9  0  1.818884E-5  -3.685153E-5
81  1.890419E-9  0  1.775487E-5  -3.968859E-5
81.75  2.073121E-9  0  1.687144E-5  -4.229037E-5
82.5  2.237659E-9  0  1.541991E-5  -4.472008E-5
83.25  2.383444E-9  0  1.336611E-5  -4.69552E-5
84  2.508524E-9  0  1.070263E-5  -4.89283E-5
84.75  2.613626E-9  0  7.378761E-6  -5.058833E-5
85.5  2.702037E-9  0  3.377302E-6  -5.187129E-5
86.25  2.77382E-9  0  -1.201077E-6  -5.265337E-5
87  2.827816E-9  0  -6.21348E-6  -5.281296E-5
87.75  2.870623E-9  0  -1.156246E-5  -5.23157E-5
88.5  2.912083E-9  0  -1.71223E-5  -5.117529E-5
89.25  2.952613E-9  0  -2.26658E-5  -4.938496E-5
90  2.989777E-9  0  -2.796521E-5  -4.698643E-5
90.75  3.031202E-9  0  -3.287949E-5  -4.41604E-5
91.5  3.081518E-9  0  -3.726255E-5  -4.114633E-5
92.25  3.13036E-9  0  -4.093537E-5  -3.813994E-5
93  3.176256E-9  0  -4.385856E-5  -3.539326E-5
93.75  3.23143E-9  0  -4.608552E-5  -3.327996E-5
94.5  3.258339E-9  0  -4.728285E-5  -3.197923E-5
95.25  3.135802E-9  0  -4.655101E-5  -3.112564E-5
