SHG FROG
Grid size is 128
 
*********** Test Field. ************
Experimental FROG trace loaded from C:\users\finn\Documents\Hochschule\Master\3_Semester\Masterarbeit\sourcecode\additional\samples\spectrogram_1616.txt
Number of delay points: 150
Number of wavelength points: 1440
Delay spacing: 10.02 fs
Wavelength spacing: 0.0208 nm
Center wavelength: 515 nm
DataOrder: Wavelength
Read in as constant Wavelength bins
 
Full spectrum noise subtraction.
Full spectrum noise subtraction.
Full spectrum noise subtraction.
Full spectrum noise subtraction.
Edge noise subtraction.
Minimum pixel value of 0 was subtracted from each pixel.
Trace center in delay found at pixel 78.11
Centered wavelength by center of mass at 818.3
There were -33.14 too many wavelength points.
Wavelength Center at pixel 818.3
Wavelength shift of 2.045 nm.
 
--- 
Central wavelength of retrieved field is 1034 nm.
 
Basic
1   0.049367
2   0.036025
3   0.030915
4   0.029925
5   0.029441
6   0.029123
7   0.02892
8   0.028812
9   0.028772
10   0.028753
11   0.028733
12   0.028706
13   0.028685
14   0.028673
15   0.028657
16   0.028527
17   0.028214
18   0.027714
19   0.027111
20   0.026503
21   0.025988
22   0.025712
23   0.025626
24   0.025681
25   0.025833
26   0.02597
27   0.026079
28   0.026162
29   0.026225
30   0.026273
31   0.026311
32   0.026341
 
Projections
33   0.024204
34   0.023551
35   0.023169
36   0.022919
37   0.023981
38   0.023368
39   0.023003
40   0.022757
41   0.022576
42   0.022633
43   0.022276
44   0.022052
45   0.021893
46   0.021768
47   0.0214
48   0.021211
49   0.021081
50   0.020976
51   0.020885
52   0.020472
53   0.020315
54   0.020204
55   0.020108
56   0.020017
57   0.019545
58   0.019427
59   0.019339
60   0.019248
61   0.019156
62   0.018732
63   0.018586
64   0.018487
65   0.018391
66   0.018289
67   0.017809
68   0.017647
69   0.017535
70   0.017424
71   0.017308
72   0.01661
73   0.016444
74   0.016344
75   0.016236
76   0.016111
77   0.016407
78   0.01601
79   0.015821
80   0.015659
81   0.015506
82   0.014631
83   0.014378
84   0.014279
85   0.014169
86   0.014039
87   0.013186
88   0.01283
89   0.012734
90   0.012607
91   0.012444
92   0.011845
93   0.011184
94   0.010992
95   0.010755
96   0.010479
97   0.010739
98   0.0094516
99   0.0091061
100   0.0088516
101   0.0086364
102   0.010334
103   0.0087693
104   0.0083904
105   0.0082654
106   0.0082406
107   0.0096671
108   0.0085486
109   0.0083638
110   0.0083201
111   0.0083118
112   0.0094209
113   0.0085334
114   0.0083985
115   0.0083586
116   0.0083457
117   0.0093771
 
Proj. - Overstep
118   0.0082768
119   0.0082794
120   0.0082876
121   0.0082914
122   0.0082897
123   0.0082912
124   0.0082899
125   0.0082899
126   0.0082892
127   0.0082889
 
IntenGate
128   0.009706
129   0.0090021
130   0.0097118
131   0.0095963
132   0.0093003
133   0.0098912
134   0.0096054
135   0.0094272
136   0.01003
137   0.0096427
 
Expo
138   0.0097729
139   0.011406
140   0.012794
141   0.013886
142   0.014826
143   0.015128
144   0.014853
145   0.014617
146   0.015057
147   0.01574
 
Projections
148   0.014521
149   0.01399
150   0.013725
151   0.013532
152   0.01337
153   0.013226
154   0.013091
155   0.012909
156   0.012739
157   0.012576
158   0.01242
159   0.01227
160   0.012127
161   0.01199
162   0.011858
163   0.01173
164   0.011603
165   0.011477
166   0.01135
167   0.011218
168   0.011093
169   0.010941
170   0.010782
171   0.010613
172   0.010434
173   0.010246
174   0.010052
175   0.0098514
176   0.0096305
177   0.0094024
178   0.0091828
179   0.0090078
180   0.0088878
181   0.0087847
182   0.0087026
183   0.0086358
184   0.0085808
185   0.0085354
186   0.0084977
187   0.0084664
188   0.0084406
189   0.0084193
190   0.0084015
191   0.0083866
192   0.008374
193   0.0083633
194   0.0083542
195   0.0083464
196   0.0083396
197   0.0083338
198   0.0083288
199   0.0083244
200   0.0083205
201   0.0083171
202   0.0083141
 
Projections
203   0.0096252
204   0.0089591
205   0.0086862
206   0.0085451
207   0.0084597
208   0.0084042
209   0.0083666
210   0.0083406
211   0.0083223
212   0.0083094
213   0.0083002
214   0.0082936
215   0.008289
216   0.0082857
217   0.0082835
218   0.0082819
219   0.0082808
 
Basic
220   0.009706
221   0.011206
222   0.012547
223   0.013625
224   0.014493
225   0.015036
226   0.015232
227   0.015196
228   0.015094
229   0.015012
 
Projections
230   0.0082458
231   0.0082559
232   0.008265
233   0.0082722
234   0.0096121
235   0.0085285
236   0.0083627
237   0.0083231
238   0.0083157
239   0.0094029
 
Proj. - Overstep
240   0.0082768
241   0.0082794
242   0.0082876
243   0.0082914
244   0.0082897
245   0.0082912
246   0.0082899
247   0.0082899
248   0.0082892
249   0.0082889
 
IntenGate
250   0.009706
251   0.0090021
252   0.0097118
253   0.0095963
254   0.0093003
255   0.0098912
256   0.0096054
257   0.0094272
258   0.01003
259   0.0096427
 
Expo
260   0.0097729
261   0.011406
262   0.012794
263   0.013886
264   0.014826
265   0.015128
266   0.014853
267   0.014617
268   0.015057
269   0.01574
 
Projections
270   0.014521
271   0.01399
272   0.013725
273   0.013532
274   0.01337
275   0.013226
276   0.013091
277   0.012909
278   0.012739
279   0.012576
280   0.01242
281   0.01227
282   0.012127
283   0.01199
284   0.011858
285   0.01173
286   0.011603
287   0.011477
288   0.01135
289   0.011218
290   0.011093
291   0.010941
292   0.010782
293   0.010613
294   0.010434
295   0.010246
296   0.010052
297   0.0098514
298   0.0096305
299   0.0094024
300   0.0091828
301   0.0090078
302   0.0088878
303   0.0087847
304   0.0087026
305   0.0086358
306   0.0085808
307   0.0085354
308   0.0084977
309   0.0084664
310   0.0084406
311   0.0084193
312   0.0084015
313   0.0083866
314   0.008374
315   0.0083633
316   0.0083542
317   0.0083464
318   0.0083396
319   0.0083338
320   0.0083288
321   0.0083244
322   0.0083205
323   0.0083171
324   0.0083141
 
Projections
325   0.0092808
326   0.0084368
327   0.0082942
328   0.0082771
329   0.0082761
330   0.008279
331   0.0082825
332   0.0082854
333   0.0082877
334   0.0082893
335   0.0082905
 
Basic
336   0.009706
337   0.011206
338   0.012547
339   0.013625
340   0.014493
341   0.015036
342   0.015232
343   0.015196
344   0.015094
345   0.015012
 
Projections
346   0.0082458
347   0.0082559
348   0.008265
349   0.0082722
350   0.0096121
351   0.0085285
352   0.0083627
353   0.0083231
354   0.0083157
355   0.0094029
 
Proj. - Overstep
356   0.0082768
357   0.0082794
358   0.0082876
359   0.0082914
360   0.0082897
361   0.0082912
362   0.0082899
363   0.0082899
364   0.0082892
365   0.0082889
 
IntenGate
366   0.009706
367   0.0090021
368   0.0097118
369   0.0095963
370   0.0093003
371   0.0098912
372   0.0096054
373   0.0094272
374   0.01003
375   0.0096427
 
Expo
376   0.0097729
377   0.011406
378   0.012794
379   0.013886
380   0.014826
381   0.015128
382   0.014853
383   0.014617
384   0.015057
385   0.01574
 
Projections
386   0.014521
387   0.01399
388   0.013725
389   0.013532
390   0.01337
391   0.013226
392   0.013091
393   0.012909
394   0.012739
395   0.012576
396   0.01242
397   0.01227
398   0.012127
399   0.01199
400   0.011858
401   0.01173
402   0.011603
403   0.011477
404   0.01135
405   0.011218
406   0.011093
407   0.010941
408   0.010782
409   0.010613
410   0.010434
411   0.010246
412   0.010052
413   0.0098514
414   0.0096305
415   0.0094024
416   0.0091828
417   0.0090078
418   0.0088878
419   0.0087847
420   0.0087026
421   0.0086358
422   0.0085808
423   0.0085354
424   0.0084977
425   0.0084664
426   0.0084406
427   0.0084193
428   0.0084015
429   0.0083866
430   0.008374
431   0.0083633
432   0.0083542
433   0.0083464
434   0.0083396
435   0.0083338
436   0.0083288
437   0.0083244
438   0.0083205
439   0.0083171
440   0.0083141
 
Projections
441   0.0086884
442   0.0085338
443   0.0084374
444   0.0083782
445   0.0083384
446   0.0083126
447   0.0082971
448   0.0082876
449   0.0082941
450   0.0082936
451   0.0082914
452   0.0082899
453   0.0082888
454   0.008288
 
Basic
455   0.009706
456   0.011206
457   0.012547
458   0.013625
459   0.014493
460   0.015036
461   0.015232
462   0.015196
463   0.015094
464   0.015012
 
Projections
465   0.0082458
466   0.0082559
467   0.008265
468   0.0082722
469   0.0096121
470   0.0085285
471   0.0083627
472   0.0083231
473   0.0083157
474   0.0094029
 
Proj. - Overstep
475   0.0082768
476   0.0082794
477   0.0082876
478   0.0082914
479   0.0082897
480   0.0082912
481   0.0082899
482   0.0082899
483   0.0082892
484   0.0082889
 
IntenGate
485   0.009706
486   0.0090021
487   0.0097118
488   0.0095963
489   0.0093003
490   0.0098912
491   0.0096054
492   0.0094272
493   0.01003
494   0.0096427
 
Expo
495   0.0097729
496   0.011406
497   0.012794
498   0.013886
499   0.014826
500   0.015128
501   0.014853
502   0.014617
503   0.015057
504   0.01574
 
Projections
505   0.014521
506   0.01399
507   0.013725
508   0.013532
509   0.01337
510   0.013226
511   0.013091
512   0.012909
513   0.012739
514   0.012576
515   0.01242
516   0.01227
517   0.012127
518   0.01199
519   0.011858
520   0.01173
521   0.011603
522   0.011477
523   0.01135
524   0.011218
525   0.011093
526   0.010941
527   0.010782
528   0.010613
529   0.010434
530   0.010246
531   0.010052
532   0.0098514
533   0.0096305
534   0.0094024
535   0.0091828
536   0.0090078
537   0.0088878
538   0.0087847
539   0.0087026
540   0.0086358
541   0.0085808
542   0.0085354
543   0.0084977
544   0.0084664
545   0.0084406
546   0.0084193
547   0.0084015
548   0.0083866
549   0.008374
550   0.0083633
551   0.0083542
552   0.0083464
553   0.0083396
554   0.0083338
555   0.0083288
556   0.0083244
557   0.0083205
558   0.0083171
559   0.0083141
 
Projections
560   0.0086678
561   0.0082479
562   0.008206
563   0.0082216
564   0.0082429
565   0.0082598
566   0.0082713
567   0.0082788
568   0.0082836
569   0.0082866
570   0.0082884
571   0.0082895
 
Basic
572   0.0095014
573   0.011153
574   0.012629
575   0.013743
576   0.014521
577   0.014956
578   0.015105
579   0.015085
580   0.015031
581   0.015022
 
Projections
582   0.0082216
583   0.0082429
584   0.0082598
585   0.0082713
586   0.0094503
587   0.0085215
588   0.0083742
589   0.0083355
590   0.0083262
591   0.0093766
 
Proj. - Overstep
592   0.0082794
593   0.0082907
594   0.008291
595   0.0082948
596   0.0082907
597   0.0082934
598   0.0082895
599   0.0082916
600   0.0082885
601   0.0082903
 
IntenGate
602   0.0095014
603   0.0089536
604   0.0094578
605   0.0094458
606   0.0092215
607   0.0097346
608   0.0094682
609   0.0092958
610   0.0099095
611   0.0095201
 
Expo
612   0.0095454
613   0.011385
614   0.012879
615   0.013934
616   0.014625
617   0.014797
618   0.014621
619   0.014635
620   0.015626
621   0.016258
 
Projections
622   0.015403
623   0.014886
624   0.014616
625   0.014427
626   0.014276
627   0.014145
628   0.014024
629   0.013908
630   0.013795
631   0.013681
632   0.013566
633   0.01345
634   0.013334
635   0.013219
636   0.013108
637   0.012993
638   0.01285
639   0.012705
640   0.012565
641   0.012429
642   0.012296
643   0.012169
644   0.012049
645   0.011933
646   0.011822
647   0.011713
648   0.011605
649   0.011497
650   0.011387
651   0.011273
652   0.011154
653   0.011026
654   0.010888
655   0.010738
656   0.010575
657   0.010399
658   0.010225
659   0.010025
660   0.0098142
661   0.0095854
662   0.0093521
663   0.0091423
664   0.0089781
665   0.0088514
666   0.0087524
667   0.0086731
668   0.0086089
669   0.0085563
670   0.0085131
671   0.0084776
672   0.0084483
673   0.0084241
674   0.008404
675   0.0083872
676   0.0083731
677   0.0083612
678   0.0083511
679   0.0083425
680   0.0083351
681   0.0083287
682   0.0083232
683   0.0083184
684   0.0083142
685   0.0083106
686   0.0083074
687   0.0083045
 
Projections
688   0.0096324
689   0.0085203
690   0.0083744
691   0.0083425
692   0.0083298
693   0.008322
694   0.0083165
695   0.0083123
696   0.0083088
697   0.008306
698   0.0083037
699   0.0083017
 
Basic
700   0.0095014
701   0.011153
702   0.012629
703   0.013743
704   0.014521
705   0.014956
706   0.015105
707   0.015085
708   0.015031
709   0.015022
 
Projections
710   0.0082216
711   0.0082429
712   0.0082598
713   0.0082713
714   0.0094503
715   0.0085215
716   0.0083742
717   0.0083355
718   0.0083262
719   0.0093766
 
Proj. - Overstep
720   0.0082794
721   0.0082907
722   0.008291
723   0.0082948
724   0.0082907
725   0.0082934
726   0.0082895
727   0.0082916
728   0.0082885
729   0.0082903
 
IntenGate
730   0.0095014
731   0.0089536
732   0.0094578
733   0.0094458
734   0.0092215
735   0.0097346
736   0.0094682
737   0.0092958
738   0.0099095
739   0.0095201
 
Expo
740   0.0095454
741   0.011385
742   0.012879
743   0.013934
744   0.014625
745   0.014797
746   0.014621
747   0.014635
748   0.015626
749   0.016258
 
Projections
750   0.015403
751   0.014886
752   0.014616
753   0.014427
754   0.014276
755   0.014145
756   0.014024
757   0.013908
758   0.013795
759   0.013681
760   0.013566
761   0.01345
762   0.013334
763   0.013219
764   0.013108
765   0.012993
766   0.01285
767   0.012705
768   0.012565
769   0.012429
770   0.012296
771   0.012169
772   0.012049
773   0.011933
774   0.011822
775   0.011713
776   0.011605
777   0.011497
778   0.011387
779   0.011273
780   0.011154
781   0.011026
782   0.010888
783   0.010738
784   0.010575
785   0.010399
786   0.010225
787   0.010025
788   0.0098142
789   0.0095854
790   0.0093521
791   0.0091423
792   0.0089781
793   0.0088514
794   0.0087524
795   0.0086731
796   0.0086089
797   0.0085563
798   0.0085131
799   0.0084776
800   0.0084483
801   0.0084241
802   0.008404
803   0.0083872
804   0.0083731
805   0.0083612
806   0.0083511
807   0.0083425
808   0.0083351
809   0.0083287
810   0.0083232
811   0.0083184
812   0.0083142
813   0.0083106
814   0.0083074
815   0.0083045
 
Projections
816   0.0092223
817   0.0083946
818   0.0083366
819   0.0083194
820   0.0083072
821   0.0082995
822   0.0082939
823   0.0082902
824   0.0082877
825   0.008286
826   0.0082849
827   0.0082842
 
Basic
828   0.0095014
829   0.011153
830   0.012629
831   0.013743
832   0.014521
833   0.014956
834   0.015105
835   0.015085
836   0.015031
837   0.015022
 
Projections
838   0.0082216
839   0.0082429
840   0.0082598
841   0.0082713
842   0.0094503
843   0.0085215
844   0.0083742
845   0.0083355
846   0.0083262
847   0.0093766
 
Proj. - Overstep
848   0.0082794
849   0.0082907
850   0.008291
851   0.0082948
852   0.0082907
853   0.0082934
854   0.0082895
855   0.0082916
856   0.0082885
857   0.0082903
 
IntenGate
858   0.0095014
859   0.0089536
860   0.0094578
861   0.0094458
862   0.0092215
863   0.0097346
864   0.0094682
865   0.0092958
866   0.0099095
867   0.0095201
 
Expo
868   0.0095454
869   0.011385
870   0.012879
871   0.013934
872   0.014625
873   0.014797
874   0.014621
875   0.014635
876   0.015626
877   0.016258
 
Projections
878   0.015403
879   0.014886
880   0.014616
881   0.014427
882   0.014276
883   0.014145
884   0.014024
885   0.013908
886   0.013795
887   0.013681
888   0.013566
 
 
The minimum FROG error was 0.008206
 
**************** Retrieved Field ******************
Temporal FWHM: 338.34 fs.
Spectral FWHM: 6.9966 nm.
Autocorrelation FWHM: 508.09 fs.
Time-Bandwidth Product - FWHM: 0.66274
Time-Bandwidth Product - RMS: 1.2391
Time-Bandwidth Product - Temporal Laplacian: 1.0655
Time-Bandwidth Product - Spectral Laplacian: 0.97144
