1798,7547479999996  9,008135979753045e-214  107,2940626760252  2,6623085841611193e-107  1,38573048694725e-107
1771,081598030769  2,0405688258003384e-210  105,60363602618494  5,035955527707148e-106  -1,3367723609612433e-105
1744,2470283636362  4,346388487054139e-207  103,92663172574429  -6,381064794686924e-104  -1,6570748192367535e-104
1718,2134906268655  8,70508466968588e-204  102,26304977470326  -4,7381128550966805e-103  2,9121448342088956e-102
1692,9456451764704  1,6394211390257518e-200  100,61289017306186  1,2761043659821824e-100  1,047797029341295e-101
1668,4102010434779  2,903265712580903e-197  98,97615292082007  8,612305171131942e-101  -5,387507767583538e-99
1644,5757695999998  4,834673714478067e-194  97,3528380179779  -2,197321892622643e-97  8,031322854494966e-99
1621,4127305915495  7,570714347616999e-191  95,74294546453535  6,574324325992161e-97  8,67611238244046e-96
1598,893109333333  1,114809897924649e-187  94,14647526049242  3,3217588207751645e-94  -3,376645019081489e-95
1576,990464  1,5437031531700995e-184  92,56342740584913  -1,4078543780854628e-93  -1,2344564041193012e-92
1555,6797820540542  2,0101586993235243e-181  90,99380190060545  -4,455195059784163e-91  5,02816042415148e-92
1534,9373849599997  2,4615284276054617e-178  89,43759874476136  1,53183787165601e-90  1,5614298431101751e-89
1514,7408404210526  2,83459830760418e-175  87,8948179383169  5,311139017731837e-88  -3,711945721158811e-89
1495,0688814545451  3,0696890616219266e-172  86,36545948127207  -4,964389021484669e-88  -1,7513493500116596e-86
1475,9013316923074  3,1262040865559354e-169  84,84952337362687  -5,589280475990623e-85  -1,4827213584958527e-86
1457,2190363544303  2,9940846572703454e-166  83,3470096153813  -1,6379826392946393e-84  1,7225721424671996e-83
1439,0037983999996  2,6967347202774676e-163  81,8579182065353  5,1123238562599e-82  9,118618269730236e-83
1421,2383194074073  2,2842479159124895e-160  80,38224914708896  4,0551383859150396e-81  -1,4559555084628354e-80
1403,9061447804877  1,8196272775672393e-157  78,92000243704224  -3,9611185209077034e-79  -1,5829759439089273e-79
1386,9916129156625  1,3631983137546428e-154  77,4711780763951  -5,619683978898929e-78  1,0234206532641942e-77
1370,4798079999998  9,604530423819997e-152  76,03577606514762  2,49031170304216e-76  1,84468914603823e-76
1354,3565161411761  6,364095854260437e-149  74,61379640329973  5,646438435049708e-75  -5,635485031636388e-75
1338,6081845581393  3,9659172386817164e-146  73,20523909085149  -1,1606528973899673e-73  -1,618271327825464e-73
1323,2218835862068  2,3243403466909353e-143  71,81010412780287  -4,348439705456992e-72  2,0819403437453386e-72
1308,185271272727  1,2811725305901465e-140  70,42839151415384  2,88188925631306e-71  1,094586530948385e-70
1293,4865603595504  6,641557444218981e-138  69,06010124990446  2,573233917844586e-69  -1,4150847420978848e-70
1279,1144874666666  3,238091913824029e-135  67,7052333350547  9,121563846973769e-69  -5,616839847111194e-68
1265,058284307692  1,4847993148928196e-132  66,36378776960453  -1,1268648227048098e-66  -4,6365395096265144e-67
1251,3076507826086  6,403361736172074e-130  65,035764553554  -1,4971851561050042e-65  2,0400486132714848e-65
1237,8527298064514  2,597241145041938e-127  63,721163686903104  3,2104103584485214e-64  3,957988981892928e-64
1224,6840837446807  9,907924010698651e-125  62,41998516965179  9,121460986834999e-63  -3,9847446056972835e-63
1211,7926723368419  3,554850495517828e-122  61,13222900180012  -2,42224519373178e-62  -1,8698068824700215e-61
1199,1698319999998  1,1995831409626756e-119  59,85789518334808  -3,414949111218185e-60  -5,778875127711999e-61
1186,807256412371  3,807252677859159e-117  58,59698371429563  -2,835729325806696e-59  5,4800698872689105e-59
1174,696978285714  1,1364944412552042e-114  57,34949459464282  7,421020208180356e-58  7,653620267252565e-58
1162,8313522424244  3,190796252163036e-112  56,115427824389634  1,6212462101282295e-56  -7,499046461436874e-57
1151,2030387199998  8,425754306532222e-110  54,894783403536046  -2,4090347470261186e-56  -2,8927011291193615e-55
1139,8049888316832  2,09265787899131e-107  53,6875613320821  -4,3957884199184067e-54  -1,2663423538776316e-54
1128,630430117647  4,888426734680349e-105  52,493761610027775  -4,2728296104056e-53  5,534184173592763e-53
1117,6728531262133  1,074046503287073e-102  51,31338423737303  5,17548889391197e-52  8,978806437255519e-52
1106,9259987692305  2,2195338415960468e-100  50,14642921411793  1,4792644252756403e-50  -1,7694801979670993e-51
1096,3838464  4,314065498683117e-98  48,9928965402625  6,102531767725316e-50  -1,9853605614402012e-49
1086,0406025660377  7,88677585345678e-96  47,85278621580663  -2,0947689074725076e-48  -1,8704863211858073e-48
1075,8906903925233  1,3561306809728684e-93  46,72609824075038  -3,3950284654107553e-47  1,426565290752363e-47
1065,9287395555555  2,193281134484452e-91  45,61283261509377  -2,7960681790886283e-47  4,674893728441685e-46
1056,1495768073394  3,336408210494985e-89  44,512989338836775  4,981693587436695e-45  2,923492963193509e-45
1046,5482170181817  4,77372653226431e-87  43,426568411979375  5,869490971120969e-44  -3,6450433553762467e-44
1037,1198547027027  6,424372164141316e-85  42,353569834521636  -4,640698413794725e-44  -8,001772355155775e-43
1027,859856  8,132048027362909e-83  41,293993606463495  -8,107094878381552e-42  -3,949112926537895e-42
1018,763751079646  9,68203212538434e-81  40,24783972780498  -8,160516853143434e-41  5,497843754000779e-41
1009,8272269473686  1,0842555782948693e-78  39,2151081985461  5,70333359858802e-41  1,0397128338542287e-39
1001,0461206260869  1,1420800907098761e-76  38,1957990186868  9,395484115627822e-39  5,0924343200450697e-39
992,4164126896551  1,1315203355036975e-74  37,189912188227126  9,287793447816017e-38  -5,185453347690597e-38
983,9342211282051  1,0544602208142687e-72  36,197447707167115  7,093318019807839e-38  -1,0244162751348963e-36
975,5957955254237  9,242749260252401e-71  35,21840557550669  -7,589695797906471e-36  -5,9011871939267346e-36
967,3975115294116  7,620375055690412e-69  34,25278579324588  -8,327282622803767e-35  2,6191820625635273e-35
959,3358656  5,90958209888501e-67  33,30058836038471  -2,3733833805813494e-34  7,31183098256725e-34
951,4074700165288  4,310656935156541e-65  32,361813276923144  3,841009441284892e-33  5,324773781441399e-33
943,6090481311473  2,957586196479319e-63  31,436460542861195  5,437222929954098e-32  1,1166366810455825e-33
935,9374298536585  1,9087084172057663e-61  30,524530158198893  2,7450802924985464e-31  -3,3987671823462335e-31
928,3895473548387  1,1586464625872738e-59  29,626022122936185  -7,398664548201042e-31  -3,3225084281164235e-30
920,9624309759998  6,615647960896197e-58  28,740936437073092  -2,2971383710151225e-29  -1,1570666641582013e-29
913,6532053333333  3,5530787223573383e-56  27,86927310060964  -1,7324272103369103e-28  7,428153762824311e-29
906,4590856062991  1,7949367419298655e-54  27,0110321135458  -4,055051176586181e-28  1,2769112504330659e-27
899,3773739999998  8,529158759519406e-53  26,16621347588157  4,727009421489472e-27  7,933912623941848e-27
892,405456372093  3,812210036442098e-51  25,334817187616974  6,048675081569031e-26  1,2392054397987641e-26
885,5407990153847  1,6027354115807396e-49  24,516843248751996  3,267809881785219e-25  -2,3127413803350924e-25
878,7809455877862  6,338143019043852e-48  23,712291659286624  3,7708365316995175e-25  -2,4891667155005617e-24
872,1235141818181  2,35764389519172e-46  22,921162419220884  -9,179343884541903e-24  -1,2308697549639247e-23
865,5661945263157  8,249186426302576e-45  22,143455528554767  -8,977361414624662e-23  -1,377986318594654e-23
859,1067453134327  2,7149479690064426e-43  21,379170987288255  -4,264878005063768e-22  2,993375234077365e-22
852,7429916444444  8,404852885562719e-42  20,628308795421376  -5,985533786896443e-22  2,8366506197312933e-21
846,4728225882353  2,4474715281394366e-40  19,890868952954115  7,901788626808168e-21  1,3502180909437879e-20
840,2941888467153  6,703857984988849e-39  19,166851459886466  7,77900056881714e-20  2,5545508411912827e-20
834,2051005217389  1,7272383463841e-37  18,456256316218436  3,838692826933275e-19  -1,5927400429109643e-19
828,2036249784172  4,1860143556382666e-36  17,759083521950043  9,453765262587027e-19  -1,8144634411410155e-18
822,2878847999999  9,542689348581045e-35  17,075333077081254  -1,9735287651138687e-18  -9,567239816116172e-18
816,4560558297873  2,0462709050936776e-33  16,4050049816121  -3,4684249444467347e-17  -2,9039176048359985e-17
810,7063652957747  4,1274171969899685e-32  15,74809923554255  -2,0299684546812628e-16  -8,15185254340032e-18
805,0370900139859  7,830998115851303e-31  15,104615838872618  -7,286869483828551e-16  5,02110687838461e-16
799,4465546666665  1,3975906292961566e-29  14,474554791602307  -1,2375096885505735e-15  3,527672896358877e-15
793,9331301517242  2,3462135524748887e-28  13,857916093731633  4,222008162242913e-15  1,4723994102329812e-14
788,495232  3,704933116619708e-27  13,254699745260561  4,700899921103451e-14  3,8666356303596345e-14
783,1313188571429  5,503247483525219e-26  12,664905746189127  2,3345209806448595e-13  2,3077970979742182e-14
777,8398910270271  7,689252204014069e-25  12,088534096517295  7,786657201284698e-13  -4,032429995650494e-13
772,6194890738254  1,0105925679495367e-23  11,52558479624508  1,6071101459974979e-12  -2,742831139193091e-12
767,4686924799998  1,2493828981279413e-22  10,97605784537249  -2,1813274158505396e-13  -1,1175451128247248e-11
762,3861183576157  1,4529243300868254e-21  10,439953243899518  -2,0105741994686705e-11  -3,238338260481627e-11
757,3704202105263  1,5893477373665003e-20  9,91727099182618  -1,1108685646983658e-10  -5,960862096471388e-11
752,4202867450981  1,6353994653169765e-19  9,408011089152463  -4,0434388233834047e-10  6,7802173457715925e-12
747,5344407272728  1,5829174127381838e-18  8,91217353587835  -1,096431826445482e-9  6,170532089662999e-10
742,7116378838709  1,441194591546267e-17  8,429758332003857  -2,0670375626924107e-9  3,184227006650325e-9
737,9506658461537  1,234290606523499e-16  7,960765477528983  -1,1841005566395054e-9  1,1046581666928277e-8
733,2503431337578  9,943587944508645e-16  7,505194972453731  1,077680357735338e-8  2,96347650421934e-8
728,6095181772151  7,535293326938168e-15  7,063046816778111  6,172006255090607e-8  6,104037357069836e-8
724,0270683773585  5,3714186094852316e-14  6,634321010502111  2,1762164052779992e-7  7,971830196912967e-8
719,5018991999999  3,601720978404271e-13  6,219017553625717  5,989082762206917e-7  -3,8483431691919784e-8
715,0329433043478  2,271767011736229e-12  5,817136446148943  1,3464923685786008e-6  -6,772926347568079e-7
710,6191597037036  1,3478780158753204e-11  5,428677688071788  2,410568831452163e-6  -2,769104199481225e-6
706,2595329570551  7,52265043071266e-11  5,053641279394255  2,9026782823644067e-6  -8,173185614937214e-6
701,9530723902438  3,9493449404704975e-10  4,692027220116352  -4,04620463517275e-7  -1,9868839330155972e-5
697,6988113454545  1,950354450582912e-9  4,343835510238058  -1,591037993094954e-5  -4,1197260358375164e-5
693,4958064578313  9,060177516002228e-9  4,009066149759395  -6,156140586517705e-5  -7,259731967438723e-5
689,3431369580838  3,959085984880577e-8  3,68771913868034  -0,0001700322356248126  -0,00010334359533727273
685,2399039999999  1,627378610249281e-7  3,379794477000906  -0,0003920171205584659  -9,518633417658918e-5
681,1852300118342  6,292425536818639e-7  3,0852921647210914  -0,0007919912384088721  4,463666615513648e-5
677,1782580705883  2,2886729752081297e-6  2,804212201840905  -0,0014275499600926325  0,000500773488363405
673,2181512982455  7,83043574005713e-6  2,5365545883603304  -0,002301540105576625  0,0015916497361164194
669,3040922790698  2,5201419331134365e-5  2,282319324279383  -0,00327806604436965  0,0038020655359797626
665,4352824971098  7,629591720008556e-5  2,041506409598048  -0,00396137889104982  0,007784818204790043
661,6109417931034  0,000217277702879609  1,814115844316333  -0,0035513271513524743  0,014306144775713537
657,8303078399999  0,0005820588834157084  1,600147628434238  -0,0007080247957455393  0,024115505060112633
654,0926356363636  0,0014667527372665761  1,3996017619517689  0,006524466363920569  0,03773836345064059
650,3971970169491  0,003476845873629185  1,2124782448689135  0,020678928527066865  0,05521981336985526
646,7432801797753  0,007752697398545644  1,038777077185683  0,04466521980678011  0,07587961213763326
643,1301892290502  0,016261454928350787  0,8784982589020675  0,0813972819012086  0,09816281081675465
639,5572437333333  0,03208525127120559  0,7316417900180716  0,13328199992418627  0,11967104815875391
636,0237782983424  0,05955130300120641  0,5982076705336958  0,2016544120314529  0,13742925856401697
632,5291421538461  0,10397218387256416  0,4781959004489436  0,2862771752353956  0,14838316215732422
629,0726987540984  0,17075893147038496  0,3716064797638075  0,3850249608094454  0,15004902873417728
625,6538253913044  0,26380944565749875  0,2784394084782941  0,49384189515822036  0,1411723352645132
622,2719128216216  0,3833877089990711  0,19869468659239764  0,6070007131225444  0,12222046992134188
618,9263649032257  0,5241157833789701  0,13237231410612124  0,7176249139008911  0,0955524271157404
615,6165982459893  0,6739967018872554  0,07947229101946622  0,8183818164548378  0,06517594942412026
612,3420418723404  0,8153236735356646  0,03999461733242843  0,9022306811142309  0,036103622973542256
609,1021368888888  0,9277785884182415  0,01393929304501266  0,9631190627873502  0,013426068443806545
605,896336168421  0,9931181283258793  0,0013063181572161005  0,996552273392321  0,0013018150698489977
602,7241040418849  1,0  0,002095692669038973  0,9999978040369222  0,002095691135017507
599,5849159999999  0,9472003898858226  0,016307416580481873  0,9731127999750713  0,015870362645490594
596,4782584041451  0,8439695180806176  0,0439414898915448  0,9177913620584054  0,04035509647609116
593,4036282061855  0,707383496204738  0,08499791260222773  0,8380245802025909  0,07140237517764644
590,3605326769231  0,5577333233172483  0,13947668471252883  0,7395630443912775  0,10382594419485716
587,3484891428571  0,4136585526804531  0,20737780622244914  0,6293826315232729  0,1324237736106822
584,3670247309645  0,2886033711907636  0,28870127713199134  0,5149851032207726  0,15295003972360977
581,4156761212122  0,1894109129991338  0,3834470974411536  0,4036086531047774  0,16282189084420215
578,4939893065325  0,1169372904526887  0,49161526714993936  0,301463033813562  0,16142282892023632
575,6015193599999  0,06791187314262408  0,6132057862583381  0,2131198232984864  0,1499727110505308
572,7378302089552  0,037100799151526746  0,7482186547663561  0,14116840383544987  0,13104304983507553
569,9024944158417  0,01906627740181936  0,8966538726739884  0,08619377805546076  0,10787451054973704
567,0950929655173  0,009217090478117952  1,0585114399812547  0,047059112826756  0,08368112318842644
564,3152150588235  0,004191479085010539  1,2337913566881364  0,021407599396525517  0,0610998672100719
561,5624579121951  0,0017930255235847933  1,4224936227946379  0,006256755444717384  0,04187933302823473
558,8364265631067  0,0007215252913084685  1,624618238300766  -0,0014450244642601829  0,026822326439109603
556,1367336811593  0,000273125824172744  1,8401652032065012  -0,004398088833668289  0,01593055676314881
553,4629993846154  9,72568696397453e-5  2,0691345175118485  -0,004713652956013651  0,008662467630531676
550,814851062201  3,2577992568037e-5  2,3115261812168293  -0,0038517174539590498  0,004212156837405775
548,1919232  1,0265380579534625e-5  2,5673401943214222  -0,002690043089635668  0,0017404162592431773
545,5938572132701  3,0427949129191524e-6  2,836576556825651  -0,0016638448866385296  0,000523846452814154
543,0203012830189  8,484326743303239e-7  3,1192352687294833  -0,0009208738532825504  2,0591762208994193e-5
540,470910197183  2,225406491403626e-7  3,4153163300329528  -0,0004541796522348861  -0,00012752055770016266
537,9453451962618  5,490966040555142e-8  3,7248197407360144  -0,00019559127289722075  -0,00012904927110215053
535,4432738232558  1,2744881027313588e-8  4,047745500838715  -6,963012079161911e-5  -8,8862406595017e-5
532,9643697777777  2,7827270543351823e-9  4,3840936103410355  -1,7008680460052732e-5  -4,9934275235983974e-5
530,5083127741935  5,715489158565932e-10  4,733864069242975  5,133674045339778e-7  -2,390157672130764e-5
528,0747884036697  1,1042930572081406e-10  5,097056877544524  3,943341630432064e-6  -9,740603806054092e-6
525,6634879999999  2,0070749402077223e-11  5,473672035245728  3,0905588532288465e-6  -3,243330907694437e-6
523,274108509091  3,4315577503509115e-12  5,863709542346491  1,691844092321788e-6  -7,544675722831148e-7
520,9063523619909  5,519092550490554e-13  6,267169398846912  7,428106739174827e-7  -1,1897804978678564e-8
518,5599273513513  8,350122461388813e-14  6,6840516047469505  2,660575296168412e-7  1,1275910405848297e-7
516,2345465112107  1,1884118559128008e-14  7,1143561600466105  7,347687177159949e-8  8,053116088687617e-8
513,929928  1,591073445317405e-15  7,55808306474589  1,1631396680261046e-8  3,815473832414288e-8
511,6457949866666  2,0038386803706834e-16  8,01523231884479  -2,272737301394136e-9  1,397206259633559e-8
509,381875539823  2,3740218596974502e-17  8,485803922343294  -2,877714730118681e-9  3,9317904991279054e-9
507,1379025198238  2,6457953748791714e-18  8,96979787524142  -1,4611167366506594e-9  7,147959546321585e-10
504,9136134736843  2,773815196835174e-19  9,467214177539164  -5,261960678368189e-10  -2,2343184119263715e-11
502,708750532751  2,735575288195969e-20  9,978052829236573  -1,4072006074452874e-10  -8,691154920961784e-11
500,52306031304346  2,5378727618521497e-21  10,502313830333556  -2,3853663037969543e-11  -4,4372012818027034e-11
498,3562938181817  2,2148340172086136e-22  11,039997180830174  6,608982242103074e-13  -1,486763650544689e-11
496,20820634482754  1,8182886812059774e-23  11,591102880726414  2,3919539034794298e-12  -3,5300769588904565e-12
494,078557390558  1,4042192910579506e-24  12,155630930022237  1,086436277859802e-12  -4,731548427397627e-13
491,96711056410254  1,020134940291982e-25  12,733581328717715  3,1494085002225184e-13  5,315783118656826e-14
489,87363349787233  6,971577099836504e-27  13,324954076812816  6,060230777284458e-14  5,743637690908024e-14
487,79789776271184  4,481829240162597e-28  13,929749174307533  4,359684719105885e-15  2,071656518745939e-14
485,7396787848101  2,7103824013478224e-29  14,547966621201871  -2,07903083002908e-15  4,772992229332332e-15
483,6987557647058  1,5419026513619167e-30  15,17960641749583  -1,0724066605449075e-15  6,259765217488883e-16
481,6749115983264  8,251532123846354e-32  15,824668563189366  -2,8530079797844333e-16  -3,3448107739108555e-17
479,6679328  4,153972483604923e-33  16,483153058282564  -4,603681783758492e-17  -4,510636193480854e-17
477,6776094273859  1,967180195920871e-34  17,155059902775385  -1,7305436446661743e-18  -1,3918449564732152e-17
475,7037350082644  8,763474035650332e-36  17,84038909666782  1,5765642240742734e-18  -2,505577634602332e-18
473,7461064691358  3,6724866077105454e-37  18,53914063995988  5,770472691766658e-19  -1,8510837341084066e-19
471,8045240655737  1,4477581380055892e-38  19,251314532651556  1,1074208493382045e-19  4,705073861871234e-20
469,87879131428576  5,368881356329326e-40  19,97691077474281  9,941466027978744e-21  2,092977278537627e-20
467,96871492682925  1,8729393565407674e-41  20,715929366233727  -1,2606380150403437e-21  4,140070695102055e-21
466,07410474493923  6,146329782792463e-43  21,46837030712426  -6,792726056437495e-22  3,914354423160958e-22
464,19477367741933  1,897406359867473e-44  22,234233597414416  -1,3369663571097897e-22  -3,3155289144275425e-23
462,3305376385542  5,510072458622823e-46  23,013519237104195  -1,2237800993162826e-23  -2,0031062695574222e-23
460,4812154879999  1,5052437961666855e-47  23,80622722619359  9,383557173989524e-25  -3,764561927939499e-24
458,64662897211156  3,8682013465604826e-49  24,61235756468256  5,396203702831204e-25  -3,092409911890018e-25
456,8266026666667  9,351130071817504e-51  25,431910252571196  9,240593942036295e-26  2,850039353513764e-26
455,02096392094865  2,1265325452656093e-52  26,264885289859453  6,193532722256863e-27  1,3202022835342107e-26
453,22954280314957  4,549178594066871e-54  27,11128267654733  -8,457730569675426e-28  1,9580210750077865e-27
451,45217204705875  9,154762126500052e-56  27,971102412634828  -2,88764157853172e-28  9,034867129265861e-29
449,6886869999999  1,7330630825743022e-57  28,84434449812194  -3,504816162694124e-29  -2,2465294325828573e-29
447,9389255719845  3,086277776277703e-59  29,731008933008624  -6,326172517040561e-31  -5,5192910029843e-30
446,20272818604656  5,1702207779115245e-61  30,63109571729498  5,08728187362471e-31  -5,081512660360565e-31
444,4799377297297  8,147731410850719e-63  31,544604850980956  8,951850853146929e-32  1,1583092900947448e-32
442,77039950769233  1,2078637802368992e-64  32,47153633406655  5,414882677442953e-33  9,563755727391731e-33
441,07396119540226  1,684429935725589e-66  33,41189016655177  -5,353307711393655e-34  1,1823074478311137e-33
439,3904727938931  2,2097430690029205e-68  34,365666348436605  -1,4592467074925876e-34  2,8344684805967243e-35
437,71978658555133  2,7269962668175733e-70  35,332864879720994  -1,17936819673516e-35  -1,1558922628632956e-35
436,0617570909091  3,1657844111151557e-72  36,31348576040507  3,275873892349704e-37  -1,748848453562907e-36
434,4162410264151  3,4572616900669146e-74  37,30752899048877  1,718628285159573e-37  -7,09632656743177e-38
432,78309726315786  3,551709116068657e-76  38,31499456997208  1,5383290756755207e-38  1,0886931482286251e-38
431,1621867865168  3,4323916565060044e-78  39,335882498855014  -1,2214010872950888e-40  1,848640973890157e-39
429,55337265671636  3,1204030123683303e-80  40,370192777137575  -1,5745157045868387e-40  8,008141534574306e-41
427,95651997026016  2,6685726665510973e-82  41,41792540481975  -1,3689085240589713e-41  -8,914382307876335e-42
426,37149582222224  2,1468512879028823e-84  42,47908038190144  9,894314488317537e-44  -1,4618691945531616e-42
424,7981692693727  1,6247238774813844e-86  43,55365770838289  1,1593319523168237e-43  -5,297860906239861e-44
423,23641129411766  1,1566765325580461e-88  44,64165738426393  8,500496223422666e-45  6,588567159207046e-45
421,68609476923075  7,746385980076705e-91  45,74307940954458  -1,6620927013201085e-46  8,642991823031275e-46
420,14709442335766  4,880241055722778e-93  46,85792378422485  -6,74024224605106e-47  1,8361767403429204e-47
418,61928680727266  2,8922673391204653e-95  47,98619050830478  -3,499409755679272e-48  -4,0837243728074246e-48
417,1025502608696  1,612466476537223e-97  49,12787958178419  1,685614283877399e-49  -3,644635681568285e-49
415,59676488086643  8,456645787393739e-100  50,28299100466332  2,907585540282438e-50  5,091280128043671e-52
414,1018124892086  4,172159021982683e-102  51,45152477694208  7,66646265015278e-52  1,8932544800741413e-51
412,6175766021505  1,936327951031105e-104  52,633480898620455  -9,954989566619048e-53  9,722704244787884e-53
411,14394239999996  8,453808480242045e-107  53,82885936969845  -8,388656456885768e-54  -3,76411047271054e-54
409,6807966975088  3,472013484789044e-109  55,03766019017606  3,520881565145051e-56  -5,8818507952797186e-55
408,22802791489363  1,3414237424257824e-111  56,25988336005322  3,5108820329488187e-56  -1,0430459122085642e-56
406,78552604947  4,875354943294677e-114  57,495528879330074  1,2899994620865432e-57  1,7919978602417767e-57
405,35318264788737  1,6668719252737475e-116  58,74459674800654  -7,555427295621682e-59  1,0469131334926961e-58
403,93089077894734  5,36110166139034e-119  60,00708696608264  -6,957532689298143e-60  -2,281174147506317e-60
402,51854500699295  1,622040699865687e-121  61,282999533558346  8,836653790067648e-63  -4,0264870984067884e-61
401,11604136585356  4,6166337276373025e-124  62,57233445043369  2,076685297165514e-62  -5,513727452222154e-63
399,72327733333333  1,2360758889620359e-126  63,87509171670856  5,597021682516794e-64  9,606296746490838e-64
398,3401518062284  3,113299955719744e-129  65,19127133238314  -3,958139048277394e-65  3,9327007045666675e-65
396,9665650758621  7,376544785426168e-132  66,52087329745733  -2,3190833209747238e-66  -1,4136468214525917e-66
395,60241880412366  1,644149333646407e-134  67,86389761193112  4,02931783200388e-68  -1,2172901510048303e-67
394,247616  3,447353888171874e-137  69,22034427580456  5,838892136988811e-69  6,171527317682196e-70
392,902060996587  6,799654965343003e-140  70,59021328907761  2,4896401806281895e-71  2,5957025798525183e-70
391,56565942857145  1,2616658651746994e-142  71,9735046517502  -1,0785192108034126e-71  3,1378683385808797e-72
390,2383182101695  2,2022081672758422e-145  73,3702183638225  -2,0716017691040458e-73  -4,2107657003214287e-73
388,91994551351354  3,6160047400626026e-148  74,7803544252944  1,5500053255714667e-74  -1,1015844183550774e-74
387,6104507474747  5,585425802555461e-151  76,20391283616594  5,17630196829768e-76  5,39074725418955e-76
386,3097445369127  8,115967947683497e-154  77,6408935964371  -1,773278878005126e-77  2,229674857127016e-77
385,0177387023411  1,1093821296074067e-156  79,09129670610787  -8,971243264117229e-79  -5,518605553649574e-79
383,73434624000004  1,4265233344775468e-159  80,55512216517816  1,6241388048651152e-80  -3,409898310405573e-80
382,45948130232557  1,7255737704082747e-162  82,03236997364817  1,2335368686821566e-81  4,516199331407937e-82
381,19305917880797  1,963564544576263e-165  83,5230401315178  -1,1855085081213103e-83  4,269685588299754e-83
379,9349962772277  2,101908934670563e-168  85,02713263878707  -1,4196948007438513e-84  -2,938972735692513e-85
378,68521010526314  2,1166046087561966e-171  86,54464749545593  6,913778336692368e-87  -4,548411016901704e-86
377,443619252459  2,0050387356743036e-174  88,07558470152442  1,4072811318445843e-87  1,568392541060083e-88
376,210143372549  1,786746940906204e-177  89,61994425699254  -3,569818788816444e-90  4,2118918964299375e-89
374,9847031661238  1,4978234936094658e-180  91,17772616186016  -1,2207255685060834e-90  -8,747902608605825e-92
373,7672203636364  1,1811786836183567e-183  92,74893041612752  2,4705665787882195e-93  -3,4279366744415384e-92
372,55761770873784  8,762499263063477e-187  94,33355701979448  9,326405967418389e-94  8,019628180516932e-95
371,35581894193547  6,115019953102375e-190  95,93160597286108  -2,7891230682661296e-96  2,4570771005817117e-95
370,1617487845659  4,014443143737026e-193  97,54307727532728  -6,26126627466621e-97  -9,700392131753187e-98
368,97533292307685  2,479193081824928e-196  99,16797092719311  3,2484448080844622e-99  -1,5406716538942418e-98
367,7964979936102  1,4403003151103855e-199  100,80628692845846  3,6521956118795247e-100  1,0317317304763861e-100
366,625171566879  7,871427168660309e-203  102,45802527912355  -3,0943716323250723e-102  8,314994641469408e-102
365,4612821333333  4,0467994745460937e-206  104,12318597918822  -1,8108484612703035e-103  -8,76143438519668e-104
364,30475908860757  1,9571662679290095e-209  105,80176902865253  2,3440175180627154e-105  -3,75196542552103e-105
363,1555327192429  8,904338225193133e-213  107,49377442751647  7,339623223823584e-107  5,930709332300887e-107
362,0135341886792  3,8109523420465644e-216  109,19920217578  -1,4196441614250485e-108  1,3399861182035936e-108
360,878695523511  1,5343462824520454e-219  110,91805227344307  -2,239103337368016e-110  -3,214012922983955e-110
