1842.422  1.9594E-16  0  -3.115219E-8  -2.917717E-8
1835.085  1.539348E-13  0  -6.78766E-7  9.793468E-7
1827.805  5.330381E-13  0  -1.21779E-6  1.842451E-6
1820.584  9.200098E-13  0  -1.567466E-6  2.428031E-6
1813.419  1.089211E-12  0  -1.676459E-6  2.645785E-6
1806.311  9.398636E-13  0  -1.530388E-6  2.461133E-6
1799.258  5.575293E-13  0  -1.153675E-6  1.9007E-6
1792.26  1.666206E-13  0  -6.055E-7  1.048489E-6
1785.316  2.265659E-16  0  2.949132E-8  3.328986E-8
1778.425  1.627272E-13  0  6.542518E-7  -9.907787E-7
1771.588  5.661491E-13  0  1.174166E-6  -1.867667E-6
1764.803  9.789942E-13  0  1.511381E-6  -2.463173E-6
1758.07  1.16053E-12  0  1.616456E-6  -2.685477E-6
1751.388  1.002671E-12  0  1.47561E-6  -2.4993E-6
1744.757  5.958564E-13  0  1.112475E-6  -1.931487E-6
1738.175  1.788562E-13  0  5.841713E-7  -1.067153E-6
1731.643  2.592206E-16  0  -2.766992E-8  -3.692406E-8
1725.16  1.719756E-13  0  -6.295167E-7  1.002801E-6
1718.726  6.010499E-13  0  -1.130235E-6  1.893592E-6
1712.339  1.041255E-12  0  -1.454887E-6  2.49913E-6
1705.999  1.235926E-12  0  -1.555947E-6  2.726062E-6
1699.707  1.069201E-12  0  -1.420246E-6  2.538395E-6
1693.46  6.36594E-13  0  -1.070642E-6  1.96319E-6
1687.259  1.919763E-13  0  -5.622039E-7  1.086674E-6
1681.104  3.10926E-16  0  2.645091E-8  4.13175E-8
1674.993  1.815301E-13  0  6.053106E-7  -1.014186E-6
1668.927  6.375145E-13  0  1.086733E-6  -1.919008E-6
1662.904  1.106555E-12  0  1.398716E-6  -2.534689E-6
1656.925  1.315167E-12  0  1.495664E-6  -2.766328E-6
1650.988  1.139227E-12  0  1.365039E-6  -2.577201E-6
1645.094  6.795224E-13  0  1.028935E-6  -1.994579E-6
1639.242  2.05817E-13  0  5.40378E-7  -1.105804E-6
1633.431  3.653014E-16  0  -2.50296E-8  -4.520074E-8
1627.661  1.91621E-13  0  -5.808061E-7  1.026225E-6
1621.932  6.760728E-13  0  -1.042818E-6  1.945223E-6
1616.243  1.175686E-12  0  -1.342016E-6  2.571174E-6
1610.594  1.399179E-12  0  -1.434756E-6  2.807603E-6
1604.984  1.21362E-12  0  -1.30915E-6  2.617045E-6
1599.414  7.252897E-13  0  -9.865411E-7  2.026972E-6
1593.881  2.207093E-13  0  -5.179139E-7  1.125845E-6
1588.387  4.440595E-16  0  2.414997E-8  4.985393E-8
1582.931  2.020496E-13  0  5.56712E-7  -1.037662E-6
1577.512  7.164208E-13  0  9.991675E-7  -1.971007E-6
1572.13  1.248327E-12  0  1.285446E-6  -2.607374E-6
1566.784  1.487659E-12  0  1.373877E-6  -2.848695E-6
1561.475  1.292095E-12  0  1.25324E-6  -2.656746E-6
1556.202  7.736348E-13  0  9.441392E-7  -2.059193E-6
1550.964  2.364654E-13  0  4.955201E-7  -1.145618E-6
1545.761  5.283974E-16  0  -2.306541E-8  -5.409325E-8
1540.593  2.130696E-13  0  -5.322409E-7  1.049687E-6
1535.46  7.59137E-13  0  -9.549554E-7  1.997556E-6
1530.36  1.325334E-12  0  -1.228145E-6  2.64449E-6
1525.294  1.581591E-12  0  -1.312138E-6  2.890801E-6
1520.262  1.375566E-12  0  -1.196404E-6  2.697488E-6
1515.263  8.25221E-13  0  -9.008185E-7  2.092408E-6
1510.297  2.534137E-13  0  -4.722868E-7  1.166269E-6
1505.363  6.444093E-16  0  2.268087E-8  5.903688E-8
1500.461  2.245235E-13  0  5.082923E-7  -1.061212E-6
1495.591  8.040155E-13  0  9.110797E-7  -2.023805E-6
1490.753  1.40654E-12  0  1.171016E-6  -2.681476E-6
1485.945  1.680858E-12  0  1.250459E-6  -2.932889E-6
1481.169  1.463921E-12  0  1.13959E-6  -2.738248E-6
1476.423  8.799126E-13  0  8.575629E-7  -2.12559E-6
1471.708  2.714238E-13  0  4.492421E-7  -1.186757E-6
1467.023  7.683551E-16  0  -2.192054E-8  -6.362976E-8
1462.367  2.366238E-13  0  -4.837442E-7  1.073308E-6
1457.741  8.515899E-13  0  -8.663781E-7  2.050847E-6
1453.144  1.492776E-12  0  -1.112868E-6  2.719439E-6
1448.576  1.786447E-12  0  -1.187634E-6  2.976072E-6
1444.036  1.558094E-12  0  -1.081588E-6  2.780137E-6
1439.525  9.383968E-13  0  -8.131764E-7  2.159845E-6
1435.042  2.908398E-13  0  -4.252148E-7  1.208174E-6
1430.587  9.336749E-16  0  2.192283E-8  6.894323E-8
1426.159  2.492205E-13  0  4.59699E-7  -1.084926E-6
1421.759  9.016703E-13  0  8.219192E-7  -2.077652E-6
1417.386  1.5839E-12  0  1.054743E-6  -2.757367E-6
1413.039  1.898262E-12  0  1.124686E-6  -3.019352E-6
1408.719  1.657981E-12  0  1.023419E-6  -2.822161E-6
1404.426  1.000524E-12  0  7.686857E-7  -2.19417E-6
1400.158  3.11508E-13  0  4.012493E-7  -1.229507E-6
1395.917  1.112079E-15  0  -2.161891E-8  -7.394574E-8
1391.701  2.625737E-13  0  -4.35061E-7  1.097118E-6
1387.51  9.549117E-13  0  -7.765827E-7  2.105289E-6
1383.345  1.680932E-12  0  -9.95502E-7  2.79634E-6
1379.205  2.017517E-12  0  -1.060468E-6  3.063811E-6
1375.089  1.764727E-12  0  -9.639364E-7  2.865396E-6
1370.998  1.06713E-12  0  -7.229597E-7  2.229629E-6
1366.931  3.338427E-13  0  -3.762353E-7  1.251795E-6
1362.888  1.342908E-15  0  2.209402E-8  7.96493E-8
1358.869  2.76513E-13  0  4.108916E-7  -1.108903E-6
1354.873  1.01112E-12  0  7.314125E-7  -2.132808E-6
1350.901  1.783768E-12  0  9.361821E-7  -2.835437E-6
1346.953  2.14419E-12  0  9.960262E-7  -3.108548E-6
1343.027  1.878316E-12  0  9.042105E-7  -2.908953E-6
1339.124  1.13814E-12  0  6.771057E-7  -2.265335E-6
1335.243  3.577259E-13  0  3.513319E-7  -1.274144E-6
1331.386  1.594113E-15  0  -2.21295E-8  -8.514622E-8
1327.55  2.912729E-13  0  -3.859099E-7  1.121204E-6
1323.736  1.070923E-12  0  -6.850686E-7  2.161147E-6
1319.944  1.893412E-12  0  -8.753935E-7  2.875604E-6
1316.174  2.279488E-12  0  -9.299327E-7  3.154512E-6
1312.426  1.999881E-12  0  -8.427926E-7  2.953772E-6
1308.698  1.214364E-12  0  -6.2967E-7  2.302209E-6
1304.992  3.835467E-13  0  -3.250931E-7  1.29745E-6
1301.307  1.912724E-15  0  2.315367E-8  9.129911E-8
1297.642  3.067623E-13  0  3.615219E-7  -1.133194E-6
1293.998  1.134301E-12  0  6.38936E-7  -2.189512E-6
1290.375  2.010019E-12  0  8.145063E-7  -2.916075E-6
1286.771  2.423686E-12  0  8.635534E-7  -3.200955E-6
1283.188  2.129676E-12  0  7.810561E-7  -2.999114E-6
1279.625  1.295911E-12  0  5.82046E-7  -2.33951E-6
1276.081  4.112648E-13  0  2.989426E-7  -1.320958E-6
1272.557  2.262587E-15  0  -2.370684E-8  -9.733326E-8
1269.052  3.231857E-13  0  -3.362317E-7  1.145672E-6
1265.567  1.201887E-12  0  -5.914883E-7  2.218726E-6
1262.101  2.134664E-12  0  -7.519747E-7  2.957693E-6
1258.653  2.578121E-12  0  -7.953379E-7  3.248733E-6
1255.225  2.268983E-12  0  -7.174633E-7  3.045835E-6
1251.815  1.383715E-12  0  -5.32725E-7  2.378081E-6
1248.423  4.413343E-13  0  -2.714139E-7  1.34549E-6
1245.05  2.699116E-15  0  2.520472E-8  1.040422E-7
1241.695  3.404329E-13  0  3.114025E-7  -1.157876E-6
1238.358  1.273649E-12  0  5.440409E-7  -2.24806E-6
1235.039  2.267518E-12  0  6.890781E-7  -2.999754E-6
1231.738  2.743108E-12  0  7.265464E-7  -3.297156E-6
1228.454  2.41809E-12  0  6.532745E-7  -3.093252E-6
1225.188  1.477891E-12  0  4.829872E-7  -2.417234E-6
1221.939  4.736999E-13  0  2.43825E-7  -1.370341E-6
1218.707  3.181952E-15  0  -2.627911E-8  -1.106972E-7
1215.492  3.587631E-13  0  -2.856092E-7  1.170563E-6
1212.295  1.350368E-12  0  -4.95113E-7  2.278293E-6
1209.114  2.409894E-12  0  -6.242869E-7  3.043055E-6
1205.949  2.920257E-12  0  -6.556131E-7  3.347029E-6
1202.802  2.578524E-12  0  -5.869036E-7  3.142162E-6
1199.67  1.579531E-12  0  -4.312424E-7  2.457747E-6
1196.555  5.08876E-13  0  -2.145949E-7  1.396255E-6
1193.456  3.776997E-15  0  2.849234E-8  1.179966E-7
1190.373  3.781091E-13  0  2.603931E-7  -1.183082E-6
1187.306  1.432163E-12  0  4.462287E-7  -2.308826E-6
1184.254  2.562248E-12  0  5.591192E-7  -3.087041E-6
1181.219  3.110271E-12  0  5.84066E-7  -3.397832E-6
1178.198  2.750971E-12  0  5.199065E-7  -3.192065E-6
1175.194  1.68906E-12  0  3.79093E-7  -2.499124E-6
1172.204  5.469648E-13  0  1.85388E-7  -1.42273E-6
1169.23  4.443385E-15  0  -3.010931E-8  -1.254256E-7
1166.27  3.986195E-13  0  -2.339463E-7  1.19597E-6
1163.326  1.519665E-12  0  -3.955142E-7  2.340213E-6
1160.397  2.725758E-12  0  -4.916495E-7  3.132281E-6
1157.482  3.314656E-12  0  -5.099484E-7  3.450137E-6
1154.582  2.936876E-12  0  -4.503201E-7  3.243526E-6
1151.696  1.807495E-12  0  -3.245934E-7  2.541908E-6
1148.825  5.884232E-13  0  -1.542973E-7  1.450274E-6
1145.968  5.25318E-15  0  3.298206E-8  1.334454E-7
1143.125  4.203575E-13  0  2.080587E-7  -1.208813E-6
1140.296  1.613283E-12  0  3.446983E-7  -2.372089E-6
1137.481  2.901311E-12  0  4.235556E-7  -3.178446E-6
1134.68  3.534602E-12  0  4.349042E-7  -3.503637E-6
1131.893  3.137352E-12  0  3.797752E-7  -3.296243E-6
1129.12  1.935538E-12  0  2.693838E-7  -2.585785E-6
1126.36  6.334597E-13  0  1.229926E-7  -1.478546E-6
1123.613  6.166784E-15  0  -3.539777E-8  -1.416747E-7
1120.88  4.434887E-13  0  -1.809675E-7  1.22204E-6
1118.16  1.713796E-12  0  -2.919711E-7  2.404927E-6
1115.453  3.090413E-12  0  -3.529913E-7  3.226049E-6
1112.76  3.772082E-12  0  -3.570681E-7  3.558874E-6
1110.079  3.354332E-12  0  -3.064092E-7  3.350768E-6
1107.411  2.074585E-12  0  -2.116261E-7  2.631299E-6
1104.756  6.827266E-13  0  -8.967838E-8  1.508061E-6
1102.114  7.275768E-15  0  3.909688E-8  1.505903E-7
1099.484  4.680045E-13  0  1.543559E-7  -1.235222E-6
1096.867  1.82156E-12  0  2.389653E-7  -2.438348E-6
1094.262  3.293987E-12  0  2.815558E-7  -3.274755E-6
1091.67  4.028411E-12  0  2.78031E-7  -3.615544E-6
1089.09  3.589088E-12  0  2.318332E-7  -3.406812E-6
1086.522  2.225459E-12  0  1.529816E-7  -2.67816E-6
1083.966  7.364759E-13  0  5.609221E-8  -1.538516E-6
1081.422  8.535407E-15  0  -4.224736E-8  -1.598613E-7
1078.89  4.940878E-13  0  -1.262886E-7  1.24872E-6
1076.37  1.937457E-12  0  -1.836459E-7  2.472742E-6
1073.862  3.51374E-12  0  -2.071287E-7  3.32497E-6
1071.365  4.305802E-12  0  -1.9561E-7  3.674053E-6
1068.88  3.843734E-12  0  -1.53832E-7  3.464763E-6
1066.406  2.389616E-12  0  -9.123319E-8  2.726713E-6
1063.944  7.953291E-13  0  -2.004326E-8  1.570191E-6
1061.493  1.004542E-14  0  4.699259E-8  1.696879E-7
1059.053  5.2196E-13  0  9.885069E-8  -1.262423E-6
1056.625  2.062439E-12  0  1.280402E-7  -2.508083E-6
1054.207  3.75157E-12  0  1.316915E-7  -3.376745E-6
1051.801  4.606784E-12  0  1.117627E-7  -3.734512E-6
1049.406  4.120744E-12  0  7.436609E-8  -3.524767E-6
1047.021  2.568799E-12  0  2.837319E-8  -2.777114E-6
1044.648  8.600142E-13  0  -1.64191E-8  -1.603229E-6
1042.285  1.179232E-14  0  -5.120883E-8  -1.801834E-7
1039.933  5.515365E-13  0  -6.983778E-8  1.276259E-6
1037.591  2.197031E-12  0  -6.986955E-8  2.544347E-6
1035.26  4.008911E-12  0  -5.291015E-8  3.430099E-6
1032.939  4.933441E-12  0  -2.412837E-8  3.796966E-6
1030.629  4.422206E-12  0  8.916915E-9  3.586875E-6
1028.329  2.764468E-12  0  3.79064E-8  2.829402E-6
1026.039  9.311377E-13  0  5.552688E-8  1.637635E-6
1023.76  1.388113E-14  0  5.702972E-8  1.913012E-7
1021.49  5.831605E-13  0  4.127579E-8  -1.290333E-6
1019.231  2.342507E-12  0  1.105779E-8  -2.581694E-6
1016.981  4.288178E-12  0  -2.737342E-8  -3.485232E-6
1014.742  5.288904E-12  0  -6.550057E-8  -3.861639E-6
1012.512  4.751106E-12  0  -9.423369E-8  -3.65131E-6
1010.292  2.978649E-12  0  -1.057887E-7  -2.883769E-6
1008.082  1.009488E-12  0  -9.539066E-8  -1.673547E-6
1005.882  1.629331E-14  0  -6.246352E-8  -2.031062E-7
1003.691  6.169312E-13  0  -1.105449E-8  1.304663E-6
1001.509  2.499979E-12  0  5.062416E-8  2.62022E-6
999.3372  4.591847E-12  0  1.114916E-7  3.542309E-6
997.1747  5.67659E-12  0  1.59531E-7  3.928737E-6
995.0214  5.110842E-12  0  1.840279E-7  3.718288E-6
992.8775  3.213774E-12  0  1.777135E-7  2.940406E-6
990.7427  1.096146E-12  0  1.384093E-7  1.711097E-6
988.6172  1.919357E-14  0  6.984077E-8  2.156464E-7
986.5007  6.531134E-13  0  -1.857718E-8  -1.319302E-6
984.3933  2.670832E-12  0  -1.130054E-7  -2.660088E-6
982.2948  4.92284E-12  0  -1.973314E-7  -3.601592E-6
980.2053  6.10051E-12  0  -2.558735E-7  -3.998604E-6
978.1246  5.505427E-12  0  -2.761907E-7  -3.788211E-6
976.0528  3.472736E-12  0  -2.515071E-7  -2.999741E-6
973.9897  1.192376E-12  0  -1.823035E-7  -1.750712E-6
971.9354  2.260173E-14  0  -7.674752E-8  -2.293248E-7
969.8896  6.915363E-13  0  5.018002E-8  1.333885E-6
967.8525  2.855803E-12  0  1.787862E-7  2.700969E-6
965.8239  5.283295E-12  0  2.877057E-7  3.662776E-6
963.8038  6.563797E-12  0  3.574102E-7  4.070938E-6
961.7921  5.937949E-12  0  3.736189E-7  3.860744E-6
959.7888  3.757584E-12  0  3.300231E-7  3.061377E-6
957.7939  1.298905E-12  0  2.298307E-7  1.791898E-6
955.8072  2.664281E-14  0  8.580418E-8  2.435258E-7
953.8287  7.331075E-13  0  -8.129272E-8  -1.349159E-6
951.8584  3.057856E-12  0  -2.456646E-7  -2.743738E-6
949.8963  5.678608E-12  0  -3.804492E-7  -3.726848E-6
947.9422  7.073436E-12  0  -4.620712E-7  -4.146801E-6
945.9961  6.415268E-12  0  -4.74283E-7  -3.936984E-6
944.058  4.073321E-12  0  -4.112125E-7  -3.126398E-6
942.1278  1.418056E-12  0  -2.788658E-7  -1.835684E-6
940.2055  3.145421E-14  0  -9.47657E-8  -2.591862E-7
938.2911  7.773068E-13  0  1.143052E-7  1.364302E-6
936.3844  3.277501E-12  0  3.161767E-7  2.787698E-6
934.4854  6.111224E-12  0  4.782229E-7  3.79322E-6
932.5942  7.633452E-12  0  5.725993E-7  4.225693E-6
930.7105  6.941656E-12  0  5.809518E-7  4.016481E-6
928.8345  4.423029E-12  0  4.978081E-7  3.194356E-6
926.966  1.55112E-12  0  3.320494E-7  1.88158E-6
925.105  3.724202E-14  0  1.061386E-7  2.75741E-7
923.2515  8.249086E-13  0  -1.46865E-7  -1.379981E-6
921.4054  3.51773E-12  0  -3.88118E-7  -2.83362E-6
919.5667  6.586966E-12  0  -5.789359E-7  -3.862761E-6
917.7352  8.251605E-12  0  -6.869609E-7  -4.308549E-6
915.9111  7.524795E-12  0  -6.915753E-7  -4.100199E-6
914.0942  4.812264E-12  0  -5.876655E-7  -3.266203E-6
912.2845  1.700584E-12  0  -3.870691E-7  -1.930484E-6
910.4819  4.413624E-14  0  -1.173856E-7  -2.93998E-7
908.6865  8.756701E-13  0  1.817655E-7  1.39549E-6
906.8981  3.780038E-12  0  4.64538E-7  2.880902E-6
905.1167  7.110079E-12  0  6.858631E-7  3.934945E-6
903.3424  8.9342E-12  0  8.085965E-7  4.394879E-6
901.5749  8.17109E-12  0  8.096808E-7  4.187624E-6
899.8144  5.245505E-12  0  6.843102E-7  3.341336E-6
898.0607  1.868257E-12  0  4.473655E-7  1.981643E-6
896.3139  5.241717E-14  0  1.317954E-7  3.130038E-7
894.5738  9.308841E-13  0  -2.159095E-7  -1.412021E-6
892.8405  4.069276E-12  0  -5.425371E-7  -2.930978E-6
891.1139  7.689996E-12  0  -7.962729E-7  -4.011438E-6
889.394  9.694005E-12  0  -9.348825E-7  -4.486544E-6
887.6807  8.893595E-12  0  -9.326699E-7  -4.280755E-6
885.9739  5.732754E-12  0  -7.850764E-7  -3.421831E-6
884.2737  2.059156E-12  0  -5.101163E-7  -2.03714E-6
882.5801  6.256985E-14  0  -1.463197E-7  -3.347917E-7
880.8929  9.889647E-13  0  2.526112E-7  1.427627E-6
879.2121  4.384809E-12  0  6.256977E-7  2.982009E-6
877.5378  8.3289E-12  0  9.139792E-7  4.090497E-6
875.8698  1.053576E-11  0  1.069792E-6  4.581859E-6
874.2081  9.697582E-12  0  1.064576E-6  4.377915E-6
872.5528  6.277562E-12  0  8.939485E-7  3.505944E-6
870.9037  2.274349E-12  0  5.791533E-7  2.095099E-6
869.2608  7.476481E-14  0  1.645536E-7  3.572914E-7
867.6241  1.052549E-12  0  -2.885608E-7  -1.444617E-6
865.9935  4.73504E-12  0  -7.110012E-7  -3.036561E-6
864.3691  9.042151E-12  0  -1.036214E-6  -4.174936E-6
862.7507  1.147979E-11  0  -1.210726E-6  -4.683851E-6
861.1384  1.060384E-11  0  -1.202861E-6  -4.482286E-6
859.5322  6.896152E-12  0  -1.008326E-6  -3.596949E-6
857.9318  2.522374E-12  0  -6.51695E-7  -2.158813E-6
856.3375  9.007743E-14  0  -1.834429E-7  -3.837619E-7
854.749  1.118406E-12  0  3.271363E-7  1.459802E-6
853.1665  5.11659E-12  0  8.021468E-7  3.091518E-6
851.5898  9.828996E-12  0  1.16694E-6  4.26168E-6
850.0189  1.252801E-11  0  1.3618E-6  4.789424E-6
848.4538  1.161467E-11  0  1.351639E-6  4.590652E-6
846.8944  7.588811E-12  0  1.132145E-6  3.691395E-6
845.3408  2.801387E-12  0  7.313218E-7  2.224476E-6
843.7928  1.079374E-13  0  2.060528E-7  4.099195E-7
842.2506  1.193251E-12  0  -3.659094E-7  -1.47804E-6
840.7139  5.54922E-12  0  -8.974159E-7  -3.15238E-6
839.1828  1.072442E-11  0  -1.305166E-6  -4.356905E-6
837.6574  1.372716E-11  0  -1.522719E-6  -4.905421E-6
836.1374  1.278005E-11  0  -1.511245E-6  -4.710488E-6
834.6229  8.397976E-12  0  -1.26629E-6  -3.797317E-6
833.114  3.137252E-12  0  -8.193923E-7  -2.3006E-6
831.6104  1.33336E-13  0  -2.34176E-7  -4.446681E-7
830.1123  1.262347E-12  0  4.026393E-7  1.490114E-6
828.6196  6.003411E-12  0  9.940359E-7  3.20968E-6
827.1322  1.16901E-11  0  1.44743E-6  4.450929E-6
825.6502  1.503514E-11  0  1.689106E-6  5.021957E-6
824.1735  1.405788E-11  0  1.676111E-6  4.831694E-6
822.702  9.285805E-12  0  1.403695E-6  3.904383E-6
821.2358  3.503012E-12  0  9.07051E-7  2.376598E-6
819.7748  1.595521E-13  0  2.569076E-7  4.771628E-7
818.319  1.349E-12  0  -4.504693E-7  -1.507102E-6
816.8683  6.538353E-12  0  -1.107486E-6  -3.274655E-6
815.4228  1.281866E-11  0  -1.61154E-6  -4.555026E-6
813.9824  1.656534E-11  0  -1.880986E-6  -5.150162E-6
812.5471  1.556195E-11  0  -1.868267E-6  -4.965019E-6
811.1168  1.034449E-11  0  -1.568116E-6  -4.022677E-6
809.6916  3.953137E-12  0  -1.019435E-6  -2.461574E-6
808.2713  1.987633E-13  0  -3.004065E-7  -5.151908E-7
806.856  1.43119E-12  0  4.825859E-7  1.522863E-6
805.4457  7.114712E-12  0  1.210656E-6  3.343123E-6
804.0403  1.407209E-11  0  1.770437E-6  4.667239E-6
802.6398  1.829451E-11  0  2.0717E-6  5.290514E-6
801.2442  1.728785E-11  0  2.06184E-6  5.113512E-6
799.8534  1.158339E-11  0  1.734913E-6  4.157863E-6
798.4674  4.500012E-12  0  1.133708E-6  2.563755E-6
797.0862  2.544429E-13  0  3.443581E-7  5.693873E-7
795.7098  1.493822E-12  0  -5.158655E-7  -1.524624E-6
794.3381  7.692984E-12  0  -1.315854E-6  -3.400558E-6
792.9712  1.538473E-11  0  -1.930518E-6  -4.771798E-6
791.6089  2.013358E-11  0  -2.260203E-6  -5.426629E-6
790.2514  1.913183E-11  0  -2.246666E-6  -5.260931E-6
788.8984  1.290039E-11  0  -1.883062E-6  -4.294723E-6
787.5501  5.066991E-12  0  -1.21627E-6  -2.669944E-6
786.2064  3.028745E-13  0  -3.410074E-7  -6.296741E-7
784.8673  1.589121E-12  0  6.135608E-7  1.518161E-6
783.5328  8.409959E-12  0  1.502825E-6  3.447195E-6
782.2027  1.696483E-11  0  2.188572E-6  4.862132E-6
780.8772  2.232736E-11  0  2.560372E-6  5.543884E-6
779.5561  2.132759E-11  0  2.553202E-6  5.383413E-6
778.2396  1.447416E-11  0  2.158523E-6  4.399073E-6
776.9274  5.755048E-12  0  1.426949E-6  2.734712E-6
775.6197  3.770284E-13  0  4.61902E-7  6.386641E-7
774.3164  1.722808E-12  0  -5.949905E-7  -1.573275E-6
773.0174  9.30117E-12  0  -1.584693E-6  -3.565389E-6
771.7228  1.892754E-11  0  -2.354716E-6  -5.032932E-6
770.4325  2.508961E-11  0  -2.782616E-6  -5.748662E-6
769.1465  2.416208E-11  0  -2.79543E-6  -5.597916E-6
767.8649  1.659754E-11  0  -2.381964E-6  -4.5968E-6
766.5874  6.773533E-12  0  -1.595882E-6  -2.890633E-6
765.3143  5.225041E-13  0  -5.489276E-7  -7.32737E-7
764.0453  1.737909E-12  0  6.049245E-7  1.553339E-6
762.7805  1.003113E-11  0  1.69215E-6  3.622519E-6
761.52  2.084653E-11  0  2.545863E-6  5.160499E-6
760.2636  2.803003E-11  0  3.031564E-6  5.931705E-6
759.0113  2.740091E-11  0  3.068495E-6  5.815588E-6
757.7631  1.924877E-11  0  2.643205E-6  4.825647E-6
756.5191  8.259784E-12  0  1.813071E-6  3.108165E-6
755.2791  8.552502E-13  0  6.990055E-7  9.20694E-7
754.0432  1.451953E-12  0  -5.317936E-7  -1.40655E-6
752.8113  9.826451E-12  0  -1.690614E-6  -3.520654E-6
751.5834  2.1165E-11  0  -2.595897E-6  -5.099779E-6
750.3595  2.88294E-11  0  -3.101487E-6  -5.902576E-6
749.1397  2.826048E-11  0  -3.1201E-6  -5.805656E-6
747.9237  1.972695E-11  0  -2.638293E-6  -4.823317E-6
746.7117  8.256407E-12  0  -1.720417E-6  -3.106347E-6
745.5037  7.205878E-13  0  -5.006781E-7  -9.199178E-7
744.2995  1.745171E-12  0  8.357768E-7  1.396252E-6
743.0992  1.086578E-11  0  2.080119E-6  3.479542E-6
741.9028  2.267914E-11  0  3.031471E-6  5.00012E-6
740.7103  2.999647E-11  0  3.528178E-6  5.712206E-6
739.5215  2.820001E-11  0  3.473914E-6  5.49306E-6
738.3366  1.820943E-11  0  2.854484E-6  4.363614E-6
737.1554  6.197154E-12  0  1.742527E-6  2.487414E-6
735.9781  7.104737E-14  0  2.890708E-7  1.478005E-7
734.8045  4.694283E-12  0  -1.297105E-6  -2.293432E-6
733.6346  1.867231E-11  0  -2.779469E-6  -4.449823E-6
732.4684  3.474482E-11  0  -3.928772E-6  -5.968436E-6
731.306  4.377241E-11  0  -4.557914E-6  -6.583685E-6
730.1472  4.016091E-11  0  -4.55134E-6  -6.158591E-6
728.9921  2.558763E-11  0  -3.884358E-6  -4.707089E-6
727.8407  8.713442E-12  0  -2.629203E-6  -2.393824E-6
726.6928  7.846456E-13  0  -9.465983E-7  4.887489E-7
725.5486  9.411159E-12  0  9.362687E-7  3.562726E-6
724.408  3.397217E-11  0  2.758346E-6  6.42035E-6
723.271  6.532343E-11  0  4.263232E-6  8.684582E-6
722.1375  9.014047E-11  0  5.237937E-6  1.006554E-5
721.0076  9.7627E-11  0  5.546072E-6  1.04043E-5
719.8812  8.493881E-11  0  5.15038E-6  9.69732E-6
718.7583  5.834358E-11  0  4.121044E-6  8.097734E-6
717.639  2.951726E-11  0  2.628296E-6  5.893136E-6
716.5231  9.130806E-12  0  9.202428E-7  3.463095E-6
715.4106  1.426893E-12  0  -7.108923E-7  1.222671E-6
714.3017  2.912686E-12  0  -1.969073E-6  -4.396075E-7
713.1961  5.902336E-12  0  -2.595114E-6  -1.220015E-6
712.094  4.795327E-12  0  -2.401324E-6  -9.454077E-7
710.9952  1.326065E-12  0  -1.294526E-6  4.003411E-7
709.8999  5.548528E-12  0  7.165109E-7  2.673099E-6
708.8079  3.17569E-11  0  3.530869E-6  5.588692E-6
707.7193  9.150584E-11  0  6.981517E-6  8.763143E-6
706.634  1.876849E-10  0  1.087404E-5  1.17663E-5
705.5521  3.132012E-10  0  1.503235E-5  1.418001E-5
704.4734  4.554964E-10  0  1.934447E-5  1.565104E-5
703.398  6.052685E-10  0  2.380098E-5  1.592969E-5
702.326  7.66066E-10  0  2.851963E-5  1.488684E-5
701.2571  9.618469E-10  0  3.375131E-5  1.25057E-5
700.1916  1.241778E-9  0  3.986513E-5  8.847816E-6
699.1292  1.684018E-9  0  4.731315E-5  3.997452E-6
698.0701  2.401368E-9  0  5.657839E-5  -2.008664E-6
697.0142  3.550741E-9  0  6.811189E-5  -9.256459E-6
695.9615  5.346195E-9  0  8.226637E-5  -1.802395E-5
694.9119  8.073797E-9  0  9.923458E-5  -2.883492E-5
693.8656  1.21076E-8  0  0.0001189993  -4.248894E-5
692.8223  1.793034E-8  0  0.0001413007  -6.006313E-5
691.7822  2.616848E-8  0  0.0001656237  -8.28851E-5
690.7452  3.765612E-8  0  0.0001912044  -0.0001124808
689.7113  5.354299E-8  0  0.0002170529  -0.0001505046
688.6805  7.545711E-8  0  0.0002419844  -0.0001986614
687.6528  1.05724E-7  0  0.0002646522  -0.0002586325
686.6282  1.476363E-7  0  0.000283571  -0.0003320142
685.6065  2.057645E-7  0  0.0002971247  -0.0004202798
684.588  2.863082E-7  0  0.000303549  -0.0005247669
683.5724  3.975018E-7  0  0.0003008875  -0.0006466923
682.5599  5.5012E-7  0  0.0002869194  -0.0007871889
681.5503  7.581555E-7  0  0.0002590622  -0.0009473557
680.5438  1.039772E-6  0  0.0002142566  -0.001128311
679.5402  1.418664E-6  0  0.0001488411  -0.001331229
678.5395  1.925964E-6  0  5.842776E-5  -0.001557362
677.5418  2.602863E-6  0  -6.221228E-5  -0.001808009
676.5471  3.5041E-6  0  -0.0002192438  -0.002084457
675.5552  4.702491E-6  0  -0.0004198384  -0.002387863
674.5663  6.294669E-6  0  -0.0006722177  -0.002719098
673.5802  8.408202E-6  0  -0.0009856703  -0.003078541
672.597  1.121031E-5  0  -0.001370545  -0.003465854
671.6167  1.491843E-5  0  -0.001838227  -0.003879728
670.6393  1.981299E-5  0  -0.002401104  -0.004317636
669.6647  2.625288E-5  0  -0.003072523  -0.004775577
668.6929  3.469437E-5  0  -0.003866755  -0.005247845
667.7239  4.571445E-5  0  -0.004798946  -0.005726814
666.7577  6.003963E-5  0  -0.005885072  -0.006202743
665.7944  7.858188E-5  0  -0.007141883  -0.006663598
664.8338  0.0001024831  2.262513  -0.008586816  -0.007094885
663.8759  0.0001331696  2.202918  -0.01023788  -0.007479501
662.9209  0.0001724189  2.143908  -0.0121135  -0.007797568
661.9685  0.0002224389  2.085458  -0.01423227  -0.008026284
661.0189  0.0002859615  2.027562  -0.01661268  -0.008139765
660.0721  0.0003663514  1.970229  -0.01927271  -0.008108897
659.1279  0.0004677301  1.91348  -0.02222946  -0.007901205
658.1864  0.0005951149  1.85734  -0.02549857  -0.00748076
657.2476  0.0007545748  1.801839  -0.02909372  -0.006808133
656.3115  0.0009534009  1.747001  -0.03302604  -0.005840427
655.3781  0.001200293  1.692849  -0.03730358  -0.004531397
654.4473  0.001505564  1.639398  -0.04193068  -0.002831673
653.5191  0.001881359  1.586657  -0.04690757  -0.0006890981
652.5936  0.00234189  1.534635  -0.05222988  0.001950817
651.6707  0.002903691  1.483334  -0.05788832  0.005144336
650.7504  0.003585885  1.432761  -0.06386848  0.008948837
649.8327  0.00441046  1.382921  -0.07015069  0.01342208
648.9176  0.005402561  1.333823  -0.07670997  0.01862143
648.005  0.006590767  1.285482  -0.08351617  0.02460303
647.095  0.008007377  1.237912  -0.0905341  0.031421
646.1876  0.009688664  1.191134  -0.09772381  0.03912663
645.2827  0.0116751  1.145169  -0.1050409  0.04776762
644.3804  0.01401153  1.100038  -0.1124368  0.05738738
643.4805  0.01674733  1.055763  -0.1198595  0.06802438
642.5832  0.01993639  1.012364  -0.1272536  0.07971151
641.6884  0.02363716  0.9698587  -0.1345612  0.09247556
640.796  0.02791242  0.9282635  -0.1417222  0.1063367
639.9061  0.03282914  0.8875902  -0.1486751  0.1213082
639.0188  0.03845799  0.8478486  -0.1553576  0.1373956
638.1338  0.04487293  0.8090454  -0.1617073  0.1545969
637.2513  0.0521505  0.7711851  -0.1676622  0.1729022
636.3713  0.06036905  0.7342701  -0.1731623  0.192293
635.4936  0.06960781  0.698301  -0.1781493  0.2127427
634.6184  0.07994583  0.663277  -0.1825682  0.2342167
633.7456  0.09146078  0.6291961  -0.1863678  0.256672
632.8752  0.1042277  0.596055  -0.1895016  0.2800579
632.0072  0.1183176  0.5638496  -0.1919281  0.3043163
631.1416  0.1337962  0.5325747  -0.1936121  0.3293824
630.2783  0.1507224  0.5022246  -0.1945244  0.3551852
629.4174  0.1691471  0.4727927  -0.1946431  0.3816479
628.5588  0.1891113  0.4442719  -0.1939531  0.4086894
627.7026  0.2106457  0.4166549  -0.1924472  0.4362241
626.8487  0.2337682  0.3899343  -0.1901255  0.4641632
625.9971  0.2584834  0.3641032  -0.1869961  0.4924147
625.1479  0.2847806  0.3391552  -0.183075  0.5208841
624.3009  0.3126326  0.3150851  -0.1783859  0.5494748
623.4562  0.3419939  0.2918886  -0.1729603  0.5780879
622.6139  0.3727987  0.2695631  -0.1668375  0.6066221
621.7737  0.4049596  0.2481075  -0.1600646  0.6349742
620.9359  0.4383653  0.2275222  -0.1526958  0.6630386
620.1003  0.4728793  0.207809  -0.1447926  0.6907073
619.2669  0.5083379  0.1889709  -0.1364231  0.7178702
618.4358  0.5445501  0.1710121  -0.1276616  0.744415
617.6069  0.5812965  0.1539372  -0.1185882  0.7702279
616.7803  0.61833  0.137751  -0.1092874  0.7951938
615.9558  0.6553775  0.1224584  -0.09984794  0.8191978
615.1336  0.6921421  0.1080638  -0.09036103  0.8421257
614.3135  0.7283072  0.09457078  -0.08091968  0.8638653
613.4956  0.7635407  0.08198205  -0.07161724  0.8843082
612.6799  0.7975009  0.07029929  -0.06254615  0.9033508
611.8664  0.8298433  0.05952301  -0.05379658  0.9208959
611.055  0.8602271  0.04965264  -0.04545521  0.9368541
610.2458  0.888323  0.04068658  -0.03760399  0.9511451
609.4387  0.9138199  0.03262236  -0.03031897  0.9636985
608.6337  0.9364316  0.02545676  -0.02366937  0.9744547
607.8309  0.9559034  0.01918608  -0.01771666  0.9833655
607.0302  0.972017  0.01380623  -0.01251386  0.9903945
606.2316  0.9845947  0.009312964  -0.00810497  0.9955168
605.435  0.9935024  0.005702015  -0.004524568  0.9987188
604.6406  0.9986516  0.002969187  -0.001797512  0.9999984
603.8483  1  0.001110443  6.119195E-5  0.9993636
603.058  0.9975513  0.0001219349  0.001046414  0.9968324
602.2698  0.9913538  0  0.001162807  0.9924321
601.4837  0.9814981  0.0007411311  0.0004246005  0.9861982
600.6996  0.9681145  0.002341925  -0.001144709  0.9781739
599.9175  0.9513692  0.004799021  -0.003512772  0.9684092
599.1375  0.9314607  0.008109047  -0.006638898  0.9569604
598.3595  0.9086149  0.01226857  -0.01047467  0.9438893
597.5835  0.8830812  0.01727408  -0.01496465  0.9292623
596.8096  0.8551274  0.02312201  -0.02004718  0.9131502
596.0376  0.8250353  0.02980877  -0.02565519  0.8956277
595.2676  0.7930961  0.03733083  -0.03171718  0.8767724
594.4996  0.7596059  0.04568489  -0.03815812  0.856665
593.7336  0.7248622  0.05486793  -0.04490042  0.8353888
592.9696  0.6891598  0.06487749  -0.05186487  0.8130293
592.2075  0.6527876  0.07571172  -0.05897161  0.7896741
591.4474  0.616026  0.08736963  -0.06614094  0.7654132
590.6893  0.5791445  0.09985111  -0.07329424  0.7403384
589.933  0.5423991  0.1131571  -0.08035469  0.714544
589.1787  0.5060312  0.1272894  -0.08724806  0.6881266
588.4264  0.4702655  0.1422511  -0.0939034  0.661185
587.6759  0.4353087  0.1580456  -0.1002537  0.6338206
586.9274  0.4013486  0.1746775  -0.1062365  0.6061371
586.1808  0.3685527  0.1921513  -0.1117946  0.5782403
585.4361  0.337067  0.2104721  -0.1168767  0.5502379
584.6932  0.3070156  0.2296446  -0.1214378  0.5222385
583.9523  0.2784999  0.2496733  -0.1254399  0.4943513
583.2132  0.2515981  0.2705618  -0.1288525  0.4666848
582.476  0.2263654  0.2923135  -0.1316529  0.4393458
581.7406  0.2028343  0.3149305  -0.1338266  0.4124379
581.0071  0.1810155  0.3384144  -0.1353673  0.3860605
580.2755  0.1608988  0.3627662  -0.136277  0.3603072
579.5457  0.1424552  0.3879863  -0.1365654  0.3352645
578.8177  0.1256387  0.4140747  -0.1362498  0.3110109
578.0915  0.1103886  0.4410315  -0.1353546  0.2876156
577.3672  0.09663198  0.4688564  -0.1339098  0.2651381
576.6447  0.08428621  0.4975494  -0.1319506  0.2436273
575.924  0.07326168  0.5271099  -0.1295163  0.2231217
575.2051  0.06346417  0.5575367  -0.1266489  0.2036492
574.4879  0.05479715  0.5888274  -0.1233922  0.1852275
573.7726  0.04716383  0.6209777  -0.1197911  0.1678648
573.0591  0.040469  0.6539804  -0.1158898  0.1515602
572.3473  0.03462045  0.6878251  -0.1117322  0.1363045
571.6373  0.02953024  0.7224977  -0.1073604  0.1220814
570.929  0.02511551  0.7579804  -0.1028148  0.1088683
570.2225  0.0212992  0.7942521  -0.09813356  0.09663724
569.5177  0.01801036  0.8312903  -0.09335278  0.08535553
568.8147  0.01518437  0.8690728  -0.08850637  0.074987
568.1134  0.01276285  0.9075808  -0.08362612  0.06549252
567.4139  0.01069354  0.946803  -0.07874189  0.0568308
566.7161  0.008929991  0.9867393  -0.07388172  0.048959
566.0199  0.007431154  1.027405  -0.06907189  0.04183333
565.3255  0.006160967  1.068836  -0.06433699  0.03540959
564.6328  0.005087862  1.111089  -0.0596999  0.02964362
563.9418  0.004184294  1.154249  -0.05518172  0.0244918
563.2525  0.003426264  1.198427  -0.05080167  0.01991135
562.5648  0.002792889  1.243756  -0.04657693  0.01586076
561.8789  0.002265995  1.290395  -0.04252255  0.01229998
561.1946  0.001829767  1.338518  -0.03865127  0.009190691
560.5119  0.001470447  1.388309  -0.03497351  0.006496399
559.831  0.001176071  1.43995  -0.03149733  0.004182535
559.1516  0.0009362496  1.493611  -0.02822842  0.002216442
558.474  0.0007419897  1.549433  -0.02517023  0.0005673062
557.7979  0.000585535  1.607518  -0.02232413  -0.000793951
557.1235  0.0004602337  1.667908  -0.0196895  -0.001894826
556.4508  0.0003604194  1.730576  -0.01726397  -0.0027614
555.7796  0.0002813035  1.795412  -0.01504364  -0.003418497
555.1101  0.000218875  1.862218  -0.01302316  -0.00388983
554.4422  0.0001698068  1.930707  -0.01119601  -0.004198099
553.7759  0.0001313664  2.00051  -0.009554531  -0.004365054
553.1112  0.0001013327  2.071191  -0.008090123  -0.004411491
552.448  7.79176E-5  0  -0.006793307  -0.004357211
551.7865  5.96953E-5  0  -0.005653846  -0.004220922
551.1266  4.553779E-5  0  -0.004660851  -0.004020119
550.4682  3.455861E-5  0  -0.003802916  -0.003770942
549.8114  2.606435E-5  0  -0.003068274  -0.003488037
549.1561  1.951384E-5  0  -0.002444976  -0.003184436
548.5025  1.448468E-5  0  -0.001921106  -0.002871466
547.8504  1.064635E-5  0  -0.001484991  -0.002558705
547.1998  7.739104E-6  0  -0.001125434  -0.002253991
546.5508  5.557792E-6  0  -0.000831911  -0.001963475
545.9033  3.939579E-6  0  -0.0005947508  -0.00169173
545.2573  2.754813E-6  0  -0.000405261  -0.001441894
544.6129  1.900216E-6  0  -0.0002558007  -0.00121585
543.97  1.293776E-6  0  -0.0001397897  -0.001014414
543.3286  8.708368E-7  0  -5.16601E-5  -0.0008375332
542.6887  5.810134E-7  0  1.324519E-5  -0.000684476
542.0503  3.856745E-7  0  5.881007E-5  -0.0005540034
541.4134  2.558232E-7  0  8.830378E-5  -0.0004445191
540.778  1.702651E-7  0  0.0001045403  -0.000354193
540.1442  1.139994E-7  0  0.0001100211  -0.0002810593
539.5117  7.679937E-8  0  0.000107046  -0.0002230903
538.8808  5.19691E-8  0  9.778313E-5  -0.0001782522
538.2514  3.528459E-8  0  8.429463E-5  -0.0001445465
537.6234  2.413265E-8  0  6.852022E-5  -0.0001200426
536.9968  1.68613E-8  0  5.222867E-5  -0.0001029066
536.3718  1.234061E-8  0  3.694956E-5  -9.14279E-5
535.7482  9.711832E-9  0  2.390117E-5  -8.404654E-5
535.126  8.280957E-9  0  1.392984E-5  -7.937904E-5
534.5053  7.499913E-9  0  7.474168E-6  -7.624282E-5
533.886  6.979425E-9  0  4.563109E-6  -7.367543E-5
533.2682  6.492394E-9  0  4.851745E-6  -7.094644E-5
532.6517  5.94958E-9  0  7.692776E-6  -6.755925E-5
532.0367  5.351665E-9  0  1.22362E-5  -6.324134E-5
531.4232  4.735324E-9  0  1.75456E-5  -5.792259E-5
530.811  4.1325E-9  0  2.27168E-5  -5.170265E-5
530.2002  3.553508E-9  0  2.698444E-5  -4.48098E-5
529.5909  2.992213E-9  0  2.980373E-5  -3.755457E-5
528.9829  2.442091E-9  0  3.089784E-5  -3.028242E-5
528.3764  1.909752E-9  0  3.026686E-5  -2.332941E-5
527.7712  1.417442E-9  0  2.81588E-5  -1.698488E-5
527.1674  9.94337E-10  0  2.500891E-5  -1.146411E-5
526.565  6.631772E-10  0  2.135735E-5  -6.892695E-6
525.964  4.305808E-10  0  1.775797E-5  -3.303063E-6
525.3643  2.860641E-10  0  1.469174E-5  -6.423496E-7
524.766  2.090017E-10  0  1.249706E-5  1.210644E-6
524.1691  1.782641E-10  0  1.132629E-5  2.422293E-6
523.5735  1.785451E-10  0  1.11336E-5  3.178289E-6
522.9793  2.004277E-10  0  1.169456E-5  3.658523E-6
522.3864  2.357707E-10  0  1.265296E-5  4.015797E-6
521.7949  2.730325E-10  0  1.358667E-5  4.36066E-6
521.2047  2.968732E-10  0  1.408168E-5  4.753725E-6
520.6158  2.931244E-10  0  1.380254E-5  5.205713E-6
520.0283  2.562124E-10  0  1.254849E-5  5.684475E-6
519.4421  1.939858E-10  0  1.028676E-5  6.127394E-6
518.8572  1.260407E-10  0  7.15865E-6  6.456987E-6
518.2736  7.540962E-11  0  3.457738E-6  6.597275E-6
517.6914  5.759013E-11  0  -4.156258E-7  6.488608E-6
517.1104  7.281114E-11  0  -4.0163E-6  6.098967E-6
516.5308  1.059367E-10  0  -6.922891E-6  5.430419E-6
515.9524  1.342833E-10  0  -8.802255E-6  4.520128E-6
515.3754  1.392429E-10  0  -9.460111E-6  3.436103E-6
514.7996  1.154826E-10  0  -8.870215E-6  2.268555E-6
514.2251  7.286356E-11  0  -7.177882E-6  1.118295E-6
513.6519  3.028763E-11  0  -4.677647E-6  8.388772E-8
513.08  5.120146E-12  0  -1.768736E-6  -7.506152E-7
512.5093  4.139081E-12  0  1.10464E-6  -1.325743E-6
511.9399  2.08759E-11  0  3.518978E-6  -1.613198E-6
511.3718  4.044461E-11  0  5.133202E-6  -1.618243E-6
510.8049  4.87124E-11  0  5.737148E-6  -1.377717E-6
510.2393  4.036852E-11  0  5.279745E-6  -9.541175E-7
509.675  2.133718E-11  0  3.872916E-6  -4.266517E-7
509.1119  4.437975E-12  0  1.770988E-6  1.194507E-7
508.55  1.15035E-12  0  -6.709215E-7  6.039331E-7
507.9894  1.44946E-11  0  -3.052971E-6  9.613806E-7
507.43  3.721207E-11  0  -4.992418E-6  1.14874E-6
506.8718  5.618356E-11  0  -6.181809E-6  1.149616E-6
506.3149  6.03241E-11  0  -6.434779E-6  9.749173E-7
505.7592  4.720265E-11  0  -5.712736E-6  6.599176E-7
505.2047  2.447875E-11  0  -4.128666E-6  2.582391E-7
504.6514  5.36754E-12  0  -1.92781E-6  -1.663294E-7
504.0993  8.70136E-13  0  5.515324E-7  -5.490416E-7
503.5484  1.336809E-11  0  2.930867E-6  -8.331817E-7
502.9988  3.532041E-11  0  4.849822E-6  -9.776566E-7
502.4503  5.376679E-11  0  6.021013E-6  -9.622292E-7
501.903  5.793898E-11  0  6.273157E-6  -7.897687E-7
501.357  4.550342E-11  0  5.576043E-6  -4.852974E-7
500.8121  2.381542E-11  0  4.043777E-6  -9.204154E-8
500.2684  5.519352E-12  0  1.916054E-6  3.349134E-7
499.7258  1.129016E-12  0  -4.794484E-7  7.364608E-7
499.1845  1.29434E-11  0  -2.777648E-6  1.057716E-6
498.6443  3.381585E-11  0  -4.631801E-6  1.255544E-6
498.1053  5.142504E-11  0  -5.765894E-6  1.304354E-6
497.5674  5.549057E-11  0  -6.015789E-6  1.199406E-6
497.0308  4.370238E-11  0  -5.352995E-6  9.572019E-7
496.4952  2.294123E-11  0  -3.887652E-6  6.129349E-7
495.9608  5.151366E-12  0  -1.85047E-6  2.153866E-7
495.4276  3.406516E-13  0  4.434058E-7  -1.80015E-7
494.8955  1.081435E-11  0  2.642977E-6  -5.190004E-7
494.3646  2.997178E-11  0  4.414921E-6  -7.560423E-7
493.8348  4.629567E-11  0  5.493925E-6  -8.606638E-7
493.3061  5.01383E-11  0  5.722238E-6  -8.215984E-7
492.7786  3.931817E-11  0  5.072554E-6  -6.482253E-7
492.2522  2.028871E-11  0  3.650922E-6  -3.690853E-7
491.7269  4.26003E-12  0  1.679449E-6  -2.768661E-8
491.2027  5.973065E-13  0  -5.384149E-7  3.238031E-7
490.6796  1.137223E-11  0  -2.664578E-6  6.320898E-7
490.1577  3.022311E-11  0  -4.377814E-6  8.504409E-7
489.6369  4.613448E-11  0  -5.422246E-6  9.454333E-7
489.1171  4.988027E-11  0  -5.645492E-6  9.017941E-7
488.5985  3.935531E-11  0  -5.020798E-6  7.246341E-7
488.081  2.071252E-11  0  -3.649967E-6  4.387399E-7
487.5646  4.697382E-12  0  -1.746795E-6  8.501364E-8
487.0492  3.670893E-13  0  3.962743E-7  -2.854433E-7
486.535  9.871919E-12  0  2.453109E-6  -6.187596E-7
486.0218  2.73129E-11  0  4.113531E-6  -8.661685E-7
485.5097  4.228474E-11  0  5.130114E-6  -9.911864E-7
484.9987  4.598549E-11  0  5.355061E-6  -9.750427E-7
484.4888  3.631135E-11  0  4.761694E-6  -8.195544E-7
483.9799  1.899072E-11  0  3.447422E-6  -5.470022E-7
483.4721  4.149268E-12  0  1.61792E-6  -1.970002E-7
482.9654  3.601436E-13  0  -4.449429E-7  1.792107E-7
482.4597  9.668924E-12  0  -2.426416E-6  5.2623E-7
481.9551  2.647409E-11  0  -4.02678E-6  7.926437E-7
481.4516  4.086846E-11  0  -5.006575E-6  9.386553E-7
480.9491  4.444729E-11  0  -5.222322E-6  9.420679E-7
480.4476  3.51784E-11  0  -4.647421E-6  8.017172E-7
479.9472  1.851422E-11  0  -3.375182E-6  5.378179E-7
479.4478  4.141635E-12  0  -1.6037E-6  1.891409E-7
478.9495  3.073667E-13  0  3.950024E-7  -1.925963E-7
478.4522  9.043391E-12  0  2.316758E-6  -5.503199E-7
477.9559  2.505646E-11  0  3.871544E-6  -8.300667E-7
477.4607  3.888601E-11  0  4.827253E-6  -9.890719E-7
476.9665  4.24479E-11  0  5.044335E-6  -1.00227E-6
476.4733  3.371633E-11  0  4.496147E-6  -8.662187E-7
475.9811  1.783311E-11  0  3.272062E-6  -5.99829E-7
475.49  4.039293E-12  0  1.562988E-6  -2.417573E-7
474.9998  2.585168E-13  0  -3.683416E-7  1.551906E-7
474.5107  8.505675E-12  0  -2.227715E-6  5.318382E-7
474.0226  2.378061E-11  0  -3.734212E-6  8.314588E-7
473.5355  3.705201E-11  0  -4.662609E-6  1.008326E-6
473.0493  4.055307E-11  0  -4.877007E-6  1.034703E-6
472.5642  3.228543E-11  0  -4.350681E-6  9.05213E-7
472.0801  1.712123E-11  0  -3.169244E-6  6.37879E-7
471.5969  3.897914E-12  0  -1.516793E-6  2.716668E-7
471.1148  2.365254E-13  0  3.52734E-7  -1.391645E-7
470.6336  8.120052E-12  0  2.154548E-6  -5.330765E-7
470.1534  2.279547E-11  0  3.616351E-6  -8.504552E-7
469.6742  3.560468E-11  0  4.519456E-6  -1.042627E-6
469.196  3.905895E-11  0  4.731456E-6  -1.079322E-6
468.7187  3.118359E-11  0  4.225596E-6  -9.534454E-7
468.2424  1.661325E-11  0  3.083998E-6  -6.823978E-7
467.7671  3.832505E-12  0  1.484385E-6  -3.057045E-7
467.2928  2.037628E-13  0  -3.275595E-7  1.207234E-7
466.8194  7.695504E-12  0  -2.0759E-6  5.328732E-7
466.3469  2.178868E-11  0  -3.496448E-6  8.682328E-7
465.8754  3.416712E-11  0  -4.376662E-6  1.075271E-6
465.4049  3.759134E-11  0  -4.587418E-6  1.121362E-6
464.9353  3.010033E-11  0  -4.101925E-6  9.979234E-7
464.4667  1.610344E-11  0  -2.998996E-6  7.219793E-7
463.999  3.755984E-12  0  -1.450318E-6  3.338454E-7
463.5322  1.794446E-13  0  3.062359E-7  -1.087376E-7
463.0664  7.326783E-12  0  2.003118E-6  -5.391796E-7
462.6016  2.089252E-11  0  3.38383E-6  -8.920528E-7
462.1376  3.287441E-11  0  4.241664E-6  -1.113034E-6
461.6746  3.626354E-11  0  4.45063E-6  -1.167268E-6
461.2125  2.911507E-11  0  3.983918E-6  -1.044863E-6
460.7513  1.563606E-11  0  2.917225E-6  -7.626519E-7
460.2911  3.683475E-12  0  1.416532E-6  -3.619093E-7
459.8318  1.593858E-13  0  -2.876967E-7  9.766536E-8
459.3734  7.001187E-12  0  -1.935875E-6  5.468349E-7
458.9159  2.009557E-11  0  -3.278817E-6  9.172511E-7
458.4593  3.172362E-11  0  -4.115383E-6  1.151856E-6
458.0036  3.508433E-11  0  -4.322588E-6  1.213671E-6
457.5488  2.824634E-11  0  -3.873644E-6  1.091628E-6
457.095  1.523243E-11  0  -2.841322E-6  8.025095E-7
456.642  3.628932E-12  0  -1.386204E-6  3.886749E-7
456.1899  1.398775E-13  0  2.682624E-7  -8.81299E-8
455.7387  6.690713E-12  0  1.87006E-6  -5.559778E-7
455.2885  1.934532E-11  0  3.176964E-6  -9.436081E-7
454.8391  3.064455E-11  0  3.993152E-6  -1.191281E-6
454.3905  3.397773E-11  0  4.198524E-6  -1.259987E-6
453.9429  2.742601E-11  0  3.766349E-6  -1.137585E-6
453.4962  1.484371E-11  0  2.766641E-6  -8.409157E-7
453.0503  3.569362E-12  0  1.35487E-6  -4.13513E-7
452.6053  1.249787E-13  0  -2.521907E-7  8.077018E-8
452.1612  6.423247E-12  0  -1.809727E-6  5.672952E-7
451.7179  1.86876E-11  0  -3.082159E-6  9.719069E-7
451.2756  2.969394E-11  0  -3.878755E-6  1.232237E-6
450.834  3.300389E-11  0  -4.082198E-6  1.307317E-6
450.3934  2.670958E-11  0  -3.665839E-6  1.184026E-6
449.9536  1.451238E-11  0  -2.697099E-6  8.793428E-7
449.5147  3.526474E-12  0  -1.326593E-6  4.380434E-7
449.0766  1.100769E-13  0  2.352581E-7  -7.387224E-8
448.6394  6.166545E-12  0  1.750517E-6  -5.790452E-7
448.203  1.806669E-11  0  2.98996E-6  -1.000448E-6
447.7675  2.880181E-11  0  3.767739E-6  -1.273129E-6
447.3328  3.209081E-11  0  3.969225E-6  -1.35423E-6
446.8989  2.603521E-11  0  3.567886E-6  -1.229711E-6
446.4659  1.419578E-11  0  2.628691E-6  -9.167557E-7
446.0338  3.480894E-12  0  1.29764E-6  -4.614246E-7
445.6025  9.825904E-14  0  -2.209063E-7  6.81138E-8
445.172  5.941742E-12  0  -1.695589E-6  5.917847E-7
444.7423  1.751571E-11  0  -2.903279E-6  1.029716E-6
444.3135  2.80072E-11  0  -3.662823E-6  1.314424E-6
443.8855  3.127798E-11  0  -3.862201E-6  1.401209E-6
443.4583  2.543797E-11  0  -3.475023E-6  1.275176E-6
443.0319  1.392007E-11  0  -2.563945E-6  9.537567E-7
442.6064  3.445829E-12  0  -1.270573E-6  4.843276E-7
442.1817  8.699991E-14  0  2.06525E-7  -6.276517E-8
441.7578  5.730119E-12  0  1.64229E-6  -6.047441E-7
441.3347  1.700234E-11  0  2.819447E-6  -1.058925E-6
440.9124  2.726959E-11  0  3.561368E-6  -1.355333E-6
440.4909  3.052382E-11  0  3.758561E-6  -1.447484E-6
440.0702  2.488216E-11  0  3.384809E-6  -1.31967E-6
439.6504  1.366049E-11  0  2.500582E-6  -9.89609E-7
439.2313  3.409837E-12  0  1.243291E-6  -5.060126E-7
438.813  7.790002E-14  0  -1.940416E-7  5.859442E-8
438.3955  5.544346E-12  0  -1.592402E-6  6.187488E-7
437.9788  1.654766E-11  0  -2.740146E-6  1.088986E-6
437.563  2.661573E-11  0  -3.465013E-6  1.396884E-6
437.1479  2.985775E-11  0  -3.659972E-6  1.494212E-6
436.7335  2.439626E-11  0  -3.299E-6  1.36449E-6
436.32  1.344009E-11  0  -2.440492E-6  1.025745E-6
435.9073  3.385509E-12  0  -1.217855E-6  5.280342E-7
435.4953  6.8816E-14  0  1.812113E-7  -5.394555E-8
435.0841  5.365476E-12  0  1.543508E-6  -6.320693E-7
434.6737  1.611722E-11  0  2.662818E-6  -1.118127E-6
434.264  2.600051E-11  0  3.371106E-6  -1.437287E-6
433.8552  2.923145E-11  0  3.563736E-6  -1.539614E-6
433.4471  2.393691E-11  0  3.214906E-6  -1.407882E-6
433.0397  1.322739E-11  0  2.381045E-6  -1.06045E-6
432.6332  3.357554E-12  0  1.191719E-6  -5.487222E-7
432.2274  6.177172E-14  0  -1.704804E-7  5.044853E-8
431.8223  5.211201E-12  0  -1.497957E-6  6.463006E-7
431.418  1.574078E-11  0  -2.589734E-6  1.147914E-6
431.0145  2.546104E-11  0  -3.281871E-6  1.478087E-6
430.6117  2.86841E-11  0  -3.472066E-6  1.585214E-6
430.2097  2.353985E-11  0  -3.134762E-6  1.451353E-6
429.8084  1.304941E-11  0  -2.324518E-6  1.095205E-6
429.4079  3.339816E-12  0  -1.167223E-6  5.695204E-7
429.0081  5.476299E-14  0  1.594522E-7  -4.670512E-8
428.6091  5.063619E-12  0  1.453315E-6  -6.601015E-7
428.2108  1.538748E-11  0  2.518456E-6  -1.177073E-6
427.8132  2.495899E-11  0  3.194906E-6  -1.518083E-6
427.4164  2.817663E-11  0  3.382646E-6  -1.629887E-6
427.0203  2.317174E-11  0  3.056379E-6  -1.493847E-6
426.625  1.288313E-11  0  2.268886E-6  -1.129014E-6
426.2303  3.321621E-12  0  1.142519E-6  -5.894809E-7
425.8364  4.900841E-14  0  -1.497918E-7  4.363416E-8
425.4433  4.93366E-12  0  -1.411077E-6  6.743812E-7
425.0508  1.507502E-11  0  -2.450341E-6  1.206523E-6
424.6591  2.451581E-11  0  -3.111469E-6  1.558219E-6
424.2681  2.773147E-11  0  -3.296676E-6  1.674615E-6
423.8779  2.285317E-11  0  -2.980947E-6  1.536394E-6
423.4883  1.274449E-11  0  -2.215365E-6  1.162962E-6
423.0995  3.311497E-12  0  -1.118881E-6  6.097429E-7
422.7113  4.341323E-14  0  1.40156E-7  -4.004332E-8
422.3239  4.809719E-12  0  1.369834E-6  -6.878968E-7
421.9372  1.478228E-11  0  2.38392E-6  -1.234972E-6
421.5512  2.410385E-11  0  3.030058E-6  -1.59716E-6
421.1659  2.73188E-11  0  3.212649E-6  -1.718019E-6
420.7813  2.25571E-11  0  2.906978E-6  -1.577571E-6
420.3975  1.261347E-11  0  2.162508E-6  -1.195579E-6
420.0143  3.299318E-12  0  1.094911E-6  -6.287868E-7
419.6318  3.898322E-14  0  -1.31892E-7  3.750424E-8
419.25  4.703566E-12  0  -1.330891E-6  7.022737E-7
418.8689  1.453014E-11  0  -2.320485E-6  1.2641E-6
418.4885  2.375036E-11  0  -2.951979E-6  1.636633E-6
418.1088  2.696871E-11  0  -3.131915E-6  1.761872E-6
417.7297  2.231209E-11  0  -2.835895E-6  1.619183E-6
417.3514  1.25125E-11  0  -2.111833E-6  1.22869E-6
416.9737  3.297149E-12  0  -1.072236E-6  6.484456E-7
416.5968  3.442354E-14  0  1.232664E-7  -3.419053E-8
416.2205  4.599764E-12  0  1.292426E-6  -7.157053E-7
415.8448  1.429089E-11  0  2.258146E-6  -1.29213E-6
415.4699  2.341977E-11  0  2.875306E-6  -1.674904E-6
415.0956  2.664367E-11  0  3.052555E-6  -1.804481E-6
414.7221  2.208485E-11  0  2.765821E-6  -1.659587E-6
414.3491  1.241756E-11  0  2.061537E-6  -1.2607E-6
413.9769  3.293191E-12  0  1.049148E-6  -6.67169E-7
413.6053  3.079168E-14  0  -1.158813E-7  3.161044E-8
413.2344  4.510771E-12  0  -1.255932E-6  7.296614E-7
412.8642  1.40855E-11  0  -2.198302E-6  1.320499E-6
412.4946  2.313786E-11  0  -2.801363E-6  1.713374E-6
412.1257  2.637036E-11  0  -2.975834E-6  1.847217E-6
411.7574  2.18992E-11  0  -2.69799E-6  1.700122E-6
411.3898  1.234633E-11  0  -2.01284E-6  1.292918E-6
411.0228  3.2965E-12  0  -1.026866E-6  6.862366E-7
410.6565  2.725342E-14  0  1.085143E-7  -2.851355E-8
410.2909  4.426126E-12  0  1.220191E-6  -7.429178E-7
409.9259  1.389575E-11  0  2.13975E-6  -1.348002E-6
409.5616  2.288181E-11  0  2.728983E-6  -1.750855E-6
409.1979  2.612522E-11  0  2.900647E-6  -1.888898E-6
408.8348  2.173455E-11  0  2.631374E-6  -1.7396E-6
408.4724  1.228402E-11  0  1.964806E-6  -1.324139E-6
408.1106  3.299762E-12  0  1.004551E-6  -7.04415E-7
407.7495  2.43101E-14  0  -1.019095E-7  2.617049E-8
407.389  4.35349E-12  0  -1.185865E-6  7.567905E-7
407.0292  1.37351E-11  0  -2.083094E-6  1.376006E-6
406.67  2.266909E-11  0  -2.658736E-6  1.788766E-6
406.3114  2.592749E-11  0  -2.82756E-6  1.930995E-6
405.9534  2.160928E-11  0  -2.566567E-6  1.779541E-6
405.5961  1.224531E-11  0  -1.918082E-6  1.355927E-6
405.2394  3.311088E-12  0  -9.829231E-7  7.233072E-7
404.8833  2.138631E-14  0  9.526826E-8  -2.294606E-8
404.5279  4.282734E-12  0  1.152078E-6  -7.696171E-7
404.1731  1.358471E-11  0  2.027387E-6  -1.402827E-6
403.8189  2.247469E-11  0  2.589627E-6  -1.825401E-6
403.4653  2.574987E-11  0  2.755547E-6  -1.971785E-6
403.1124  2.14982E-11  0  2.502531E-6  -1.818208E-6
402.76  1.221113E-11  0  1.87164E-6  -1.38653E-6
402.4083  3.320537E-12  0  9.60972E-7  -7.411465E-7
402.0572  1.908172E-14  0  -8.957403E-8  2.061767E-8
401.7067  4.224783E-12  0  -1.119788E-6  7.831821E-7
401.3568  1.346412E-11  0  -1.973573E-6  1.430249E-6
401.0075  2.232385E-11  0  -2.522593E-6  1.862542E-6
400.6589  2.561956E-11  0  -2.685556E-6  2.013034E-6
400.3108  2.142641E-11  0  -2.440241E-6  1.857341E-6
399.9633  1.22006E-11  0  -1.826486E-6  1.417657E-6
399.6165  3.338182E-12  0  -9.397458E-7  7.596028E-7
399.2702  1.676713E-14  0  8.374256E-8  -1.756167E-8
398.9246  4.168449E-12  0  1.087885E-6  -7.959112E-7
398.5795  1.335355E-11  0  1.920532E-6  -1.456749E-6
398.235  2.219169E-11  0  2.456529E-6  -1.89871E-6
397.8912  2.551077E-11  0  2.616521E-6  -2.053307E-6
397.5479  2.137126E-11  0  2.378691E-6  -1.895542E-6
397.2052  1.219744E-11  0  1.781697E-6  -1.447936E-6
396.8631  3.355906E-12  0  9.184122E-7  -7.773241E-7
396.5216  1.484267E-14  0  -7.850779E-8  1.511732E-8
396.1807  4.121715E-12  0  -1.057008E-6  8.091373E-7
395.8404  1.326676E-11  0  -1.868818E-6  1.483658E-6
395.5006  2.209532E-11  0  -2.391919E-6  1.935239E-6
395.1615  2.544145E-11  0  -2.548874E-6  2.09394E-6
394.8229  2.134904E-11  0  -2.318282E-6  1.934151E-6
394.4849  1.221394E-11  0  -1.737659E-6  1.478711E-6
394.1475  3.380247E-12  0  -8.973595E-7  7.956582E-7
393.8106  1.304374E-14  0  7.347372E-8  -1.19314E-8
393.4743  4.077466E-12  0  1.026751E-6  -8.214986E-7
393.1386  1.319077E-11  0  1.818022E-6  -1.509601E-6
392.8035  2.201793E-11  0  2.328358E-6  -1.970736E-6
392.469  2.539349E-11  0  2.482225E-6  -2.133515E-6
392.135  2.134309E-11  0  2.258651E-6  -1.971718E-6
391.8016  1.223745E-11  0  1.694045E-6  -1.508496E-6
391.4687  3.404428E-12  0  8.762971E-7  -8.130775E-7
391.1364  1.154604E-14  0  -6.889473E-8  9.575206E-9
390.8047  4.042969E-12  0  -9.973411E-7  8.346105E-7
390.4735  1.313915E-11  0  -1.768353E-6  1.536234E-6
390.1429  2.197766E-11  0  -2.266058E-6  2.006892E-6
389.8129  2.538712E-11  0  -2.416808E-6  2.173753E-6
389.4834  2.137272E-11  0  -2.200068E-6  2.009982E-6
389.1545  1.228319E-11  0  -1.651177E-6  1.539039E-6
388.8261  3.436828E-12  0  -8.556101E-7  8.313316E-7
388.4983  1.010399E-14  0  6.432116E-8  -6.306252E-9
388.171  4.008975E-12  0  9.682676E-7  -8.467431E-7
387.8443  1.309485E-11  0  1.719252E-6  -1.561845E-6
387.5181  2.195223E-11  0  2.204423E-6  -2.042013E-6
387.1925  2.53984E-11  0  2.352009E-6  -2.212977E-6
386.8675  2.141607E-11  0  2.141923E-6  -2.047286E-6
386.5429  1.233473E-11  0  1.608462E-6  -1.568699E-6
386.219  3.46883E-12  0  8.34735E-7  -8.487941E-7
385.8955  8.942353E-15  0  -6.027798E-8  3.736181E-9
385.5726  3.98421E-12  0  -9.400146E-7  8.594928E-7
385.2503  1.307348E-11  0  -1.671165E-6  1.588012E-6
384.9284  2.196163E-11  0  -2.14387E-6  2.077657E-6
384.6072  2.544852E-11  0  -2.288222E-6  2.252721E-6
384.2864  2.149237E-11  0  -2.084596E-6  2.085133E-6
383.9662  1.240646E-11  0  -1.566277E-6  1.598947E-6
383.6465  3.507958E-12  0  -8.140499E-7  8.668995E-7
383.3274  7.900376E-15  0  5.638642E-8  -4.664387E-10
383.0088  3.96125E-12  0  9.122077E-7  -8.714948E-7
382.6907  1.306195E-11  0  1.623731E-6  -1.6134E-6
382.3731  2.198941E-11  0  2.084062E-6  -2.112511E-6
382.0561  2.55204E-11  0  2.225152E-6  -2.291685E-6
381.7396  2.158643E-11  0  2.027846E-6  -2.122229E-6
381.4236  1.248718E-11  0  1.524446E-6  -1.628483E-6
381.1082  3.548359E-12  0  7.934489E-7  -8.843364E-7
380.7932  6.999599E-15  0  -5.268083E-8  -2.172016E-9
380.4788  3.945786E-12  0  -8.848143E-7  8.841044E-7
380.1649  1.307069E-11  0  -1.57686E-6  1.639391E-6
379.8515  2.20493E-11  0  -2.024869E-6  2.147984E-6
379.5386  2.56291E-11  0  -2.162642E-6  2.331303E-6
379.2263  2.171241E-11  0  -1.971507E-6  2.160028E-6
378.9145  1.258795E-11  0  -1.482807E-6  1.65878E-6
378.6031  3.59614E-12  0  -7.727906E-7  9.025908E-7
378.2923  6.276974E-15  0  4.927604E-8  5.676336E-9
377.982  3.931578E-12  0  8.579204E-7  -8.958143E-7
377.6722  1.3088E-11  0  1.530612E-6  -1.664466E-6
377.3629  2.212578E-11  0  1.966329E-6  -2.182545E-6
377.0542  2.575757E-11  0  2.10072E-6  -2.37003E-6
376.7459  2.185432E-11  0  1.915606E-6  -2.196969E-6
376.4381  1.269631E-11  0  1.441396E-6  -1.688257E-6
376.1308  3.644404E-12  0  7.521218E-7  -9.200606E-7
375.8241  5.679401E-15  0  -4.611078E-8  -8.423967E-9
375.5178  3.925734E-12  0  -8.314524E-7  9.082652E-7
375.212  1.312736E-11  0  -1.484908E-6  1.690281E-6
374.9068  2.223687E-11  0  -1.908366E-6  2.217856E-6
374.602  2.592571E-11  0  -2.039323E-6  2.409525E-6
374.2977  2.203079E-11  0  -1.860104E-6  2.234701E-6
373.9939  1.28266E-11  0  -1.400206E-6  1.718542E-6
373.6906  3.70093E-12  0  -7.314745E-7  9.383495E-7
373.3878  5.2443E-15  0  4.31153E-8  1.198722E-8
373.0855  3.920728E-12  0  8.053077E-7  -9.199191E-7
372.7837  1.317512E-11  0  1.439621E-6  -1.715331E-6
372.4823  2.236516E-11  0  1.850843E-6  -2.252446E-6
372.1815  2.611512E-11  0  1.97832E-6  -2.448348E-6
371.8811  2.222526E-11  0  1.804891E-6  -2.271805E-6
371.5813  1.296645E-11  0  1.359162E-6  -1.748238E-6
371.2819  3.75911E-12  0  7.108171E-7  -9.560704E-7
370.9829  4.897632E-15  0  -4.02692E-8  -1.498731E-8
370.6845  3.922829E-12  0  -7.79412E-7  9.32149E-7
370.3866  1.324279E-11  0  -1.394626E-6  1.740985E-6
370.0891  2.252555E-11  0  -1.793593E-6  2.287677E-6
369.7921  2.634177E-11  0  -1.917506E-6  2.487852E-6
369.4956  2.245225E-11  0  -1.749737E-6  2.309626E-6
369.1995  1.312677E-11  0  -1.318019E-6  1.778673E-6
368.904  3.824776E-12  0  -6.898986E-7  9.745389E-7
368.6089  4.787107E-15  0  3.782735E-8  1.872521E-8
368.3142  3.926853E-12  0  7.540242E-7  -9.436669E-7
368.0201  1.3321E-11  0  1.350191E-6  -1.765964E-6
367.7264  2.27061E-11  0  1.736895E-6  -2.322273E-6
367.4332  2.659294E-11  0  1.857187E-6  -2.526757E-6
367.1404  2.270009E-11  0  1.694979E-6  -2.346871E-6
366.8481  1.329851E-11  0  1.277153E-6  -1.808538E-6
366.5563  3.892829E-12  0  6.69137E-7  -9.924208E-7
366.265  4.694754E-15  0  -3.532879E-8  -2.183804E-8
365.9741  3.937823E-12  0  -7.286447E-7  9.558654E-7
365.6836  1.341963E-11  0  -1.305784E-6  1.791689E-6
365.3937  2.292032E-11  0  -1.680201E-6  2.357682E-6
365.1042  2.688387E-11  0  -1.796809E-6  2.566529E-6
364.8151  2.298327E-11  0  -1.640073E-6  2.385021E-6
364.5265  1.349306E-11  0  -1.23604E-6  1.839319E-6
364.2384  3.969608E-12  0  -6.480414E-7  1.011199E-6
363.9507  4.878231E-15  0  3.322728E-8  2.580325E-8
363.6635  3.949925E-12  0  7.03689E-7  -9.672765E-7
363.3767  1.352778E-11  0  1.261787E-6  -1.816702E-6
363.0904  2.315398E-11  0  1.623865E-6  -2.392453E-6
362.8045  2.719908E-11  0  1.736709E-6  -2.605728E-6
362.5191  2.328739E-11  0  1.585351E-6  -2.422637E-6
362.2341  1.369916E-11  0  1.19502E-6  -1.869576E-6
361.9496  4.048779E-12  0  6.269632E-7  -1.029435E-6
